0.99855,0.00018142,0.00018142,0.00018142,0.00018142,0.00018142,0.00018142,0.00018142,0.00018142
0.00022488,0.24964,0.23393,0.00022488,0.00022488,0.00022488,0.00022488,0.28419,0.23111
0.36288,0.3256,0.000249,0.000249,0.000249,0.000249,0.000249,0.000249,0.31002
0.00020291,0.22671,0.24036,0.24733,0.00020291,0.00020291,0.28459,0.00020291,0.00020291
0.00020282,0.1914,0.18948,0.19699,0.00020282,0.00020282,0.19342,0.2279,0.00020282
0.00018142,0.00018142,0.00018142,0.00018142,0.00018142,0.99855,0.00018142,0.00018142,0.00018142
0.00027025,0.25131,0.00027025,0.00027025,0.00027025,0.3953,0.35177,0.00027025,0.00027025
0.1881,0.14897,0.14521,0.1731,0.0001687,0.0001687,0.19872,0.1454,0.0001687
0.12401,0.15368,0.15634,0.13156,0.00016834,0.12688,0.16688,0.14031,0.00016834
0.00018142,0.00018142,0.00018142,0.00018142,0.00018142,0.00018142,0.00018142,0.99855,0.00018142
0.00018142,0.00018142,0.00018142,0.00018142,0.00018142,0.00018142,0.00018142,0.99855,0.00018142
0.19864,0.18428,0.15765,0.00018641,0.00018641,0.00018641,0.20949,0.2492,0.00018641
0.54367,0.45397,0.00033695,0.00033695,0.00033695,0.00033695,0.00033695,0.00033695,0.00033695
0.28466,0.24566,0.22107,0.00021189,0.00021189,0.00021189,0.24755,0.00021189,0.00021189
0.00022328,0.24881,0.22729,0.00022328,0.00022328,0.25415,0.26863,0.00022328,0.00022328
0.00020397,0.22479,0.24074,0.00020397,0.2538,0.00020397,0.00020397,0.27966,0.00020397
0.00024245,0.3217,0.34996,0.00024245,0.00024245,0.00024245,0.32688,0.00024245,0.00024245
0.00018142,0.00018142,0.00018142,0.00018142,0.00018142,0.00018142,0.00018142,0.99855,0.00018142
0.00022986,0.2692,0.00022986,0.00022986,0.00022986,0.00022986,0.00022986,0.3751,0.35431
0.00018273,0.18434,0.15237,0.17085,0.00018273,0.15376,0.18576,0.15237,0.00018273
0.154,0.11114,0.11679,0.14018,0.1449,0.00015509,0.16087,0.1718,0.00015509
0.99855,0.00018142,0.00018142,0.00018142,0.00018142,0.00018142,0.00018142,0.00018142,0.00018142
0.00021681,0.22058,0.00021681,0.22272,0.00021681,0.00021681,0.27345,0.28216,0.00021681
0.00033553,0.45784,0.00033553,0.00033553,0.00033553,0.53981,0.00033553,0.00033553,0.00033553
0.00026179,0.33492,0.00026179,0.00026179,0.00026179,0.31684,0.34667,0.00026179,0.00026179
0.00018142,0.00018142,0.00018142,0.00018142,0.00018142,0.00018142,0.00018142,0.99855,0.00018142
0.00018142,0.00018142,0.00018142,0.00018142,0.00018142,0.00018142,0.00018142,0.99855,0.00018142
0.00023291,0.25199,0.00023291,0.32555,0.00023291,0.00023291,0.42106,0.00023291,0.00023291
0.00018955,0.19641,0.19535,0.00018955,0.00018955,0.00018955,0.21231,0.23421,0.16096
0.00021248,0.22487,0.00021248,0.00021248,0.229,0.00021248,0.26433,0.28074,0.00021248
0.99855,0.00018142,0.00018142,0.00018142,0.00018142,0.00018142,0.00018142,0.00018142,0.00018142
0.14236,0.13234,0.13938,0.17157,0.00016984,0.00016984,0.21486,0.19898,0.00016984
0.00018403,0.16076,0.00018403,0.15873,0.15247,0.15288,0.18566,0.18895,0.00018403
0.00034134,0.00034134,0.00034134,0.00034134,0.47899,0.51862,0.00034134,0.00034134,0.00034134
0.00022827,0.29487,0.00022827,0.00022827,0.70354,0.00022827,0.00022827,0.00022827,0.00022827
0.22634,0.2212,0.00021971,0.00021971,0.00021971,0.00021971,0.25242,0.29894,0.00021971
0.00024419,0.30839,0.32834,0.00024419,0.36181,0.00024419,0.00024419,0.00024419,0.00024419
0.99855,0.00018142,0.00018142,0.00018142,0.00018142,0.00018142,0.00018142,0.00018142,0.00018142
0.20405,0.17992,0.00018729,0.20808,0.1643,0.00018729,0.2429,0.00018729,0.00018729
0.0002445,0.30921,0.32319,0.0002445,0.0002445,0.0002445,0.0002445,0.36613,0.0002445
0.00021586,0.22306,0.00021586,0.26587,0.00021586,0.00021586,0.29348,0.21651,0.00021586
0.27669,0.22765,0.21893,0.00021379,0.00021379,0.00021379,0.00021379,0.27566,0.00021379
0.15127,0.15125,0.00017934,0.00017934,0.1456,0.00017934,0.14912,0.22959,0.17264
0.00033759,0.46195,0.00033759,0.00033759,0.00033759,0.53569,0.00033759,0.00033759,0.00033759
0.00018142,0.00018142,0.00018142,0.00018142,0.00018142,0.00018142,0.00018142,0.99855,0.00018142
0.15231,0.14687,0.13745,0.16745,0.00016991,0.00016991,0.21408,0.18133,0.00016991
0.00022077,0.26104,0.26683,0.00022077,0.00022077,0.00022077,0.00022077,0.47081,0.00022077
0.22735,0.18285,0.1973,0.00018301,0.00018301,0.00018301,0.21215,0.17962,0.00018301
0.00017963,0.16829,0.18237,0.15077,0.00017963,0.16737,0.15823,0.17243,0.00017963
0.16221,0.1626,0.14588,0.00017263,0.00017263,0.00017263,0.18029,0.19892,0.14959
0.00023774,0.25942,0.00023774,0.00023774,0.00023774,0.00023774,0.00023774,0.73891,0.00023774
0.62448,0.37445,0.0001529,0.0001529,0.0001529,0.0001529,0.0001529,0.0001529,0.0001529
0.26553,0.24943,0.23076,0.0002108,0.0002108,0.0002108,0.0002108,0.25323,0.0002108
0.99855,0.00018142,0.00018142,0.00018142,0.00018142,0.00018142,0.00018142,0.00018142,0.00018142
0.00025073,0.29579,0.00025073,0.00025073,0.00025073,0.00025073,0.00025073,0.70245,0.00025073
0.00026742,0.31387,0.00026742,0.00026742,0.00026742,0.00026742,0.31619,0.36833,0.00026742
0.00021806,0.26498,0.26579,0.00021806,0.00021806,0.00021806,0.00021806,0.24575,0.22238
0.00033141,0.00033141,0.00033141,0.00033141,0.00033141,0.00033141,0.48587,0.51181,0.00033141
0.99855,0.00018142,0.00018142,0.00018142,0.00018142,0.00018142,0.00018142,0.00018142,0.00018142
0.00022598,0.00022598,0.00022598,0.00022598,0.22805,0.22742,0.27487,0.26853,0.00022598
0.00021772,0.24193,0.00021772,0.00021772,0.22852,0.00021772,0.00021772,0.29595,0.2325
0.17749,0.21136,0.18456,0.00019368,0.25224,0.00019368,0.00019368,0.17359,0.00019368
0.00022796,0.24232,0.00022796,0.2398,0.23778,0.27895,0.00022796,0.00022796,0.00022796
0.00020663,0.22176,0.00020663,0.00020663,0.00020663,0.00020663,0.23466,0.28183,0.26071
0.00021182,0.24313,0.23364,0.00021182,0.2524,0.26978,0.00021182,0.00021182,0.00021182
0.00021061,0.2125,0.22941,0.266,0.00021061,0.00021061,0.29104,0.00021061,0.00021061
0.55234,0.44531,0.00033592,0.00033592,0.00033592,0.00033592,0.00033592,0.00033592,0.00033592
0.20009,0.18094,0.00019069,0.00019069,0.17894,0.00019069,0.20451,0.23476,0.00019069
0.00025404,0.31331,0.31012,0.00025404,0.00025404,0.37505,0.00025404,0.00025404,0.00025404
0.2512,0.23439,0.22002,0.00021825,0.00021825,0.2933,0.00021825,0.00021825,0.00021825
0.29712,0.22528,0.00021919,0.00021919,0.00021919,0.00021919,0.00021919,0.25123,0.22528
0.00033694,0.45397,0.00033694,0.00033694,0.00033694,0.00033694,0.00033694,0.54367,0.00033694
0.17368,0.20172,0.20605,0.00018911,0.00018911,0.00018911,0.00018911,0.25217,0.16563
0.00018142,0.00018142,0.00018142,0.00018142,0.00018142,0.00018142,0.00018142,0.99855,0.00018142
0.00025698,0.32674,0.00025698,0.00025698,0.30587,0.00025698,0.00025698,0.36584,0.00025698
0.00021082,0.24062,0.00021082,0.00021082,0.00021082,0.00021082,0.21872,0.28556,0.25405
0.19299,0.19394,0.00018588,0.00018588,0.00018588,0.00018588,0.1544,0.23362,0.22431
0.00022254,0.24055,0.22944,0.00022254,0.00022254,0.00022254,0.22711,0.30179,0.00022254
0.14355,0.15587,0.13454,0.00016853,0.00016853,0.00016853,0.17005,0.2182,0.17729
0.00017893,0.17387,0.1932,0.00017893,0.00017893,0.00017893,0.63186,0.00017893,0.00017893
0.00024491,0.31461,0.33687,0.00024491,0.00024491,0.00024491,0.00024491,0.00024491,0.34705
0.15391,0.17808,0.00018348,0.19039,0.00018348,0.00018348,0.23844,0.23844,0.00018348
0.00024413,0.30826,0.32821,0.00024413,0.00024413,0.00024413,0.00024413,0.36207,0.00024413
0.00020672,0.24289,0.23272,0.00020672,0.00020672,0.00020672,0.23941,0.28394,0.00020672
0.00033593,0.44533,0.00033593,0.00033593,0.00033593,0.00033593,0.00033593,0.55232,0.00033593
0.22732,0.24259,0.00022255,0.00022255,0.00022255,0.00022255,0.22712,0.30185,0.00022255
0.00018142,0.00018142,0.00018142,0.00018142,0.00018142,0.00018142,0.00018142,0.99855,0.00018142
0.17219,0.16581,0.12506,0.00017171,0.00017171,0.00017171,0.17216,0.20111,0.16315
0.58056,0.41721,0.00031826,0.00031826,0.00031826,0.00031826,0.00031826,0.00031826,0.00031826
0.0002511,0.18863,0.16596,0.0002511,0.0002511,0.33391,0.0002511,0.31024,0.0002511
0.24102,0.21425,0.20228,0.00020721,0.00020721,0.00020721,0.3414,0.00020721,0.00020721
0.00018794,0.19486,0.20973,0.00018794,0.00018794,0.00018794,0.17135,0.24742,0.17589
0.0002552,0.32085,0.0002552,0.0002552,0.0002552,0.0002552,0.29991,0.37771,0.0002552
0.99855,0.00018142,0.00018142,0.00018142,0.00018142,0.00018142,0.00018142,0.00018142,0.00018142
0.99855,0.00018142,0.00018142,0.00018142,0.00018142,0.00018142,0.00018142,0.00018142,0.00018142
0.00024544,0.30549,0.00024544,0.00024544,0.34143,0.00024544,0.00024544,0.00024544,0.35161
0.99855,0.00018142,0.00018142,0.00018142,0.00018142,0.00018142,0.00018142,0.00018142,0.00018142
0.15659,0.18515,0.1568,0.00018501,0.00018501,0.17216,0.17216,0.15659,0.00018501
0.99855,0.00018142,0.00018142,0.00018142,0.00018142,0.00018142,0.00018142,0.00018142,0.00018142
0.00025999,0.30986,0.00025999,0.00025999,0.00025999,0.37176,0.31682,0.00025999,0.00025999
0.00033351,0.46717,0.00033351,0.00033351,0.00033351,0.5305,0.00033351,0.00033351,0.00033351
0.70352,0.29488,0.00022828,0.00022828,0.00022828,0.00022828,0.00022828,0.00022828,0.00022828
0.99855,0.00018142,0.00018142,0.00018142,0.00018142,0.00018142,0.00018142,0.00018142,0.00018142
0.00024813,0.31383,0.00024813,0.00024813,0.00024813,0.00024813,0.00024813,0.34275,0.34193
0.20936,0.23059,0.00021324,0.26823,0.00021324,0.00021324,0.29075,0.00021324,0.00021324
0.00022269,0.24988,0.00022269,0.00022269,0.22924,0.26667,0.25309,0.00022269,0.00022269
0.00021377,0.26036,0.00021377,0.00021377,0.00021377,0.00021377,0.00021377,0.73814,0.00021377
0.00025637,0.29069,0.00025637,0.00025637,0.00025637,0.00025637,0.00025637,0.39256,0.3152
0.00021006,0.24101,0.00021006,0.00021006,0.00021006,0.00021006,0.20769,0.28608,0.26417
0.55232,0.44533,0.00033594,0.00033594,0.00033594,0.00033594,0.00033594,0.00033594,0.00033594
0.99855,0.00018142,0.00018142,0.00018142,0.00018142,0.00018142,0.00018142,0.00018142,0.00018142
0.00025006,0.31798,0.30957,0.00025006,0.00025006,0.37095,0.00025006,0.00025006,0.00025006
0.00019096,0.20123,0.1683,0.00019096,0.23302,0.00019096,0.00019096,0.17133,0.22536
0.00021647,0.25705,0.21487,0.00021647,0.00021647,0.00021647,0.00021647,0.28842,0.23858
0.00019068,0.19897,0.21587,0.00019068,0.00019068,0.00019068,0.1653,0.25041,0.16868
0.17026,0.13681,0.14404,0.14856,0.00016336,0.00016336,0.20642,0.19342,0.00016336
0.99855,0.00018142,0.00018142,0.00018142,0.00018142,0.00018142,0.00018142,0.00018142,0.00018142
0.00018142,0.00018142,0.00018142,0.00018142,0.00018142,0.99855,0.00018142,0.00018142,0.00018142
0.17768,0.20759,0.21698,0.00019309,0.00019309,0.22726,0.1697,0.00019309,0.00019309
0.24382,0.22398,0.23655,0.00020985,0.00020985,0.00020985,0.2946,0.00020985,0.00020985
0.00033479,0.00033479,0.00033479,0.00033479,0.00033479,0.00033479,0.46554,0.53211,0.00033479
0.00021478,0.25813,0.00021478,0.00021478,0.2461,0.00021478,0.00021478,0.27888,0.21582
0.00024967,0.33009,0.31324,0.00024967,0.00024967,0.00024967,0.35517,0.00024967,0.00024967
0.46769,0.00032386,0.00032386,0.00032386,0.00032386,0.53004,0.00032386,0.00032386,0.00032386
0.00026377,0.31184,0.00026377,0.00026377,0.30659,0.00026377,0.00026377,0.37999,0.00026377
0.29509,0.24357,0.00021675,0.00021675,0.00021675,0.00021675,0.21812,0.24214,0.00021675
0.00026389,0.31744,0.00026389,0.00026389,0.00026389,0.33234,0.34864,0.00026389,0.00026389
0.26306,0.22171,0.00020456,0.23792,0.00020456,0.00020456,0.27628,0.00020456,0.00020456
0.00018142,0.00018142,0.00018142,0.00018142,0.00018142,0.00018142,0.00018142,0.99855,0.00018142
0.00034101,0.45534,0.00034101,0.00034101,0.00034101,0.00034101,0.00034101,0.54228,0.00034101
0.00018142,0.00018142,0.00018142,0.00018142,0.00018142,0.00018142,0.00018142,0.99855,0.00018142
0.99855,0.00018142,0.00018142,0.00018142,0.00018142,0.00018142,0.00018142,0.00018142,0.00018142
0.00026938,0.31747,0.00026938,0.00026938,0.00026938,0.36357,0.31734,0.00026938,0.00026938
0.99855,0.00018142,0.00018142,0.00018142,0.00018142,0.00018142,0.00018142,0.00018142,0.00018142
0.00020852,0.22537,0.2228,0.25795,0.00020852,0.00020852,0.29283,0.00020852,0.00020852
0.99855,0.00018142,0.00018142,0.00018142,0.00018142,0.00018142,0.00018142,0.00018142,0.00018142
0.00022019,0.23604,0.22136,0.00022019,0.00022019,0.29949,0.24201,0.00022019,0.00022019
0.99855,0.00018142,0.00018142,0.00018142,0.00018142,0.00018142,0.00018142,0.00018142,0.00018142
0.36634,0.30719,0.00024493,0.00024493,0.00024493,0.00024493,0.00024493,0.325,0.00024493
0.00021379,0.2492,0.27238,0.00021379,0.00021379,0.00021379,0.26548,0.21187,0.00021379
0.00023812,0.22089,0.00023812,0.00023812,0.1911,0.39775,0.18907,0.00023812,0.00023812
0.00020775,0.21531,0.22334,0.26926,0.00020775,0.00020775,0.29106,0.00020775,0.00020775
0.00021082,0.23894,0.21889,0.00021082,0.00021082,0.00021082,0.25494,0.28617,0.00021082
0.63532,0.36262,0.00029346,0.00029346,0.00029346,0.00029346,0.00029346,0.00029346,0.00029346
0.0001776,0.1765,0.17541,0.0001776,0.15612,0.0001776,0.14343,0.20634,0.14167
0.00026044,0.34455,0.00026044,0.00026044,0.00026044,0.00026044,0.29943,0.35445,0.00026044
0.19392,0.17141,0.00018768,0.22725,0.00018768,0.00018768,0.24664,0.16003,0.00018768
0.00020464,0.23017,0.24184,0.00020464,0.00020464,0.00020464,0.00020464,0.28286,0.2441
0.00018944,0.2021,0.21109,0.16332,0.00018944,0.00018944,0.24893,0.1738,0.00018944
0.18531,0.1807,0.00018666,0.22201,0.00018666,0.00018666,0.25084,0.1604,0.00018666
0.0002681,0.32033,0.0002681,0.0002681,0.0002681,0.36069,0.31737,0.0002681,0.0002681
0.00025727,0.33606,0.00025727,0.00025727,0.00025727,0.00025727,0.00025727,0.36656,0.29584
0.99855,0.00018142,0.00018142,0.00018142,0.00018142,0.00018142,0.00018142,0.00018142,0.00018142
0.00021261,0.22545,0.00021261,0.00021261,0.00021261,0.00021261,0.24805,0.2984,0.22703
0.99855,0.00018142,0.00018142,0.00018142,0.00018142,0.00018142,0.00018142,0.00018142,0.00018142
0.00018142,0.00018142,0.00018142,0.00018142,0.00018142,0.99855,0.00018142,0.00018142,0.00018142
0.26924,0.22898,0.00022007,0.00022007,0.00022007,0.27001,0.23066,0.00022007,0.00022007
0.00018142,0.00018142,0.00018142,0.00018142,0.00018142,0.00018142,0.00018142,0.99855,0.00018142
0.00018142,0.00018142,0.00018142,0.00018142,0.00018142,0.00018142,0.00018142,0.99855,0.00018142
0.99855,0.00018142,0.00018142,0.00018142,0.00018142,0.00018142,0.00018142,0.00018142,0.00018142
0.0003317,0.46355,0.0003317,0.0003317,0.0003317,0.53413,0.0003317,0.0003317,0.0003317
0.70236,0.00024258,0.00024258,0.00024258,0.00024258,0.00024258,0.00024258,0.29594,0.00024258
0.00018142,0.00018142,0.00018142,0.00018142,0.00018142,0.00018142,0.00018142,0.99855,0.00018142
0.18847,0.16202,0.00018879,0.17169,0.00018879,0.00018879,0.23664,0.24043,0.00018879
0.00024498,0.28995,0.00024498,0.33781,0.00024498,0.00024498,0.37077,0.00024498,0.00024498
0.2055,0.16977,0.1675,0.21277,0.00018683,0.00018683,0.24371,0.00018683,0.00018683
0.00024652,0.28812,0.00024652,0.34514,0.00024652,0.00024652,0.36526,0.00024652,0.00024652
0.00025782,0.33663,0.00025782,0.00025782,0.00025782,0.00025782,0.00025782,0.35942,0.3024
0.00021377,0.00021377,0.00021377,0.00021377,0.00021377,0.00021377,0.26036,0.73814,0.00021377
0.00021254,0.24672,0.20905,0.00021254,0.00021254,0.00021254,0.24585,0.29732,0.00021254
0.22981,0.17922,0.13646,0.00019139,0.00019139,0.00019139,0.23461,0.21913,0.00019139
0.24029,0.21541,0.00021204,0.25637,0.00021204,0.00021204,0.28686,0.00021204,0.00021204
0.00018629,0.1991,0.20349,0.00018629,0.00018629,0.00018629,0.16196,0.23096,0.20374
0.99855,0.00018142,0.00018142,0.00018142,0.00018142,0.00018142,0.00018142,0.00018142,0.00018142
0.1749,0.17886,0.00019538,0.00019538,0.18282,0.00019538,0.2249,0.23774,0.00019538
0.31424,0.3151,0.00024866,0.00024866,0.00024866,0.00024866,0.00024866,0.36917,0.00024866
0.28482,0.20806,0.00021323,0.00021323,0.00021323,0.00021323,0.25118,0.25487,0.00021323
0.00022378,0.25665,0.2318,0.00022378,0.00022378,0.25753,0.25291,0.00022378,0.00022378
0.00033592,0.4453,0.00033592,0.00033592,0.00033592,0.55235,0.00033592,0.00033592,0.00033592
0.13913,0.2081,0.21587,0.00015057,0.00015057,0.00015057,0.43615,0.00015057,0.00015057
0.73814,0.26036,0.00021377,0.00021377,0.00021377,0.00021377,0.00021377,0.00021377,0.00021377
0.00018142,0.00018142,0.00018142,0.00018142,0.00018142,0.00018142,0.00018142,0.99855,0.00018142
0.00018142,0.00018142,0.00018142,0.00018142,0.00018142,0.00018142,0.00018142,0.99855,0.00018142
0.00025816,0.35507,0.29165,0.00025816,0.00025816,0.00025816,0.00025816,0.35174,0.00025816
0.55234,0.4453,0.00033592,0.00033592,0.00033592,0.00033592,0.00033592,0.00033592,0.00033592
0.00022473,0.25853,0.00022473,0.00022473,0.23334,0.27367,0.23334,0.00022473,0.00022473
0.00019473,0.20539,0.00019473,0.23009,0.00019473,0.17708,0.17708,0.20959,0.00019473
0.16682,0.13578,0.14168,0.1616,0.00017162,0.00017162,0.19861,0.195,0.00017162
0.00020753,0.21487,0.22291,0.26881,0.00020753,0.00020753,0.29237,0.00020753,0.00020753
0.1493,0.16392,0.1493,0.00018185,0.15132,0.00018185,0.1808,0.20482,0.00018185
0.24732,0.2474,0.00021093,0.00021093,0.00021093,0.00021093,0.20858,0.29565,0.00021093
0.00018142,0.00018142,0.00018142,0.00018142,0.00018142,0.00018142,0.00018142,0.99855,0.00018142
0.28205,0.25148,0.0002137,0.0002137,0.0002137,0.20952,0.25588,0.0002137,0.0002137
0.00024588,0.30682,0.00024588,0.00024588,0.35119,0.34052,0.00024588,0.00024588,0.00024588
0.37428,0.30951,0.00026001,0.31465,0.00026001,0.00026001,0.00026001,0.00026001,0.00026001
0.00018142,0.00018142,0.00018142,0.00018142,0.00018142,0.00018142,0.00018142,0.99855,0.00018142
0.00021436,0.24834,0.00021436,0.00021436,0.00021436,0.00021436,0.24922,0.28826,0.21311
0.00021373,0.20568,0.00021373,0.00021373,0.00021373,0.00021373,0.2226,0.3532,0.21745
0.00033169,0.46351,0.00033169,0.00033169,0.00033169,0.53417,0.00033169,0.00033169,0.00033169
0.00021467,0.23807,0.25718,0.00021467,0.00021467,0.00021467,0.21464,0.28904,0.00021467
0.00018142,0.00018142,0.00018142,0.00018142,0.00018142,0.00018142,0.00018142,0.99855,0.00018142
0.00025286,0.32128,0.30262,0.00025286,0.00025286,0.00025286,0.00025286,0.37459,0.00025286
0.00018142,0.00018142,0.00018142,0.00018142,0.00018142,0.99855,0.00018142,0.00018142,0.00018142
0.00021075,0.2388,0.21278,0.26787,0.00021075,0.00021075,0.2795,0.00021075,0.00021075
0.53919,0.45843,0.00033919,0.00033919,0.00033919,0.00033919,0.00033919,0.00033919,0.00033919
0.00018142,0.00018142,0.00018142,0.00018142,0.00018142,0.00018142,0.00018142,0.99855,0.00018142
0.00018142,0.00018142,0.00018142,0.00018142,0.00018142,0.99855,0.00018142,0.00018142,0.00018142
0.00021769,0.23956,0.00021769,0.00021769,0.22476,0.00021769,0.2286,0.30599,0.00021769
0.99855,0.00018142,0.00018142,0.00018142,0.00018142,0.00018142,0.00018142,0.00018142,0.00018142
0.00022017,0.24416,0.22725,0.00022017,0.00022017,0.252,0.27548,0.00022017,0.00022017
0.00033479,0.46554,0.00033479,0.00033479,0.00033479,0.53211,0.00033479,0.00033479,0.00033479
0.26999,0.20571,0.00020694,0.24478,0.00020694,0.00020694,0.27849,0.00020694,0.00020694
0.0002627,0.32557,0.0002627,0.0002627,0.0002627,0.32996,0.3429,0.0002627,0.0002627
0.2329,0.19916,0.1798,0.00018919,0.00018919,0.00018919,0.20637,0.00018919,0.18101
0.16337,0.13905,0.1385,0.19649,0.00016527,0.00016527,0.21823,0.14386,0.00016527
0.19615,0.19464,0.20057,0.00018591,0.00018591,0.00018591,0.16354,0.24436,0.00018591
0.99855,0.00018142,0.00018142,0.00018142,0.00018142,0.00018142,0.00018142,0.00018142,0.00018142
0.54227,0.45534,0.00034101,0.00034101,0.00034101,0.00034101,0.00034101,0.00034101,0.00034101
0.38208,0.00026456,0.00026456,0.30817,0.00026456,0.00026456,0.00026456,0.00026456,0.30817
0.22691,0.21635,0.00021249,0.25909,0.00021249,0.00021249,0.29659,0.00021249,0.00021249
0.23178,0.23171,0.00021918,0.00021918,0.00021918,0.00021918,0.22946,0.30595,0.00021918
0.29585,0.2412,0.25112,0.00021193,0.00021193,0.00021193,0.21077,0.00021193,0.00021193
0.00020931,0.23281,0.00020931,0.00020931,0.00020931,0.00020931,0.21359,0.29888,0.25367
0.00021396,0.22394,0.23003,0.27271,0.00021396,0.00021396,0.27225,0.00021396,0.00021396
0.30399,0.00025183,0.00025183,0.00025183,0.00025183,0.00025183,0.32097,0.37354,0.00025183
0.55235,0.4453,0.00033592,0.00033592,0.00033592,0.00033592,0.00033592,0.00033592,0.00033592
0.55235,0.4453,0.00033592,0.00033592,0.00033592,0.00033592,0.00033592,0.00033592,0.00033592
0.33942,0.29328,0.00024664,0.00024664,0.00024664,0.00024664,0.00024664,0.36583,0.00024664
0.99855,0.00018142,0.00018142,0.00018142,0.00018142,0.00018142,0.00018142,0.00018142,0.00018142
0.00020932,0.2401,0.24509,0.00020932,0.00020932,0.00020932,0.22001,0.29375,0.00020932
0.0002264,0.0002264,0.0002264,0.26185,0.2347,0.23683,0.26549,0.0002264,0.0002264
0.13338,0.16759,0.13828,0.00017528,0.00017528,0.00017528,0.16129,0.20968,0.18926
0.99855,0.00018142,0.00018142,0.00018142,0.00018142,0.00018142,0.00018142,0.00018142,0.00018142
0.00018142,0.00018142,0.00018142,0.00018142,0.00018142,0.00018142,0.00018142,0.99855,0.00018142
0.00024263,0.30008,0.00024263,0.00024263,0.00024263,0.00024263,0.00024263,0.35899,0.33948
0.21822,0.22062,0.00021678,0.27002,0.00021678,0.00021678,0.29005,0.00021678,0.00021678
0.99855,0.00018142,0.00018142,0.00018142,0.00018142,0.00018142,0.00018142,0.00018142,0.00018142
0.00026176,0.33419,0.00026176,0.00026176,0.00026176,0.35185,0.31239,0.00026176,0.00026176
0.00021286,0.23615,0.20836,0.00021286,0.00021286,0.00021286,0.00021286,0.28699,0.26743
0.00022175,0.24743,0.24456,0.00022175,0.00022175,0.26566,0.24124,0.00022175,0.00022175
0.00033592,0.4453,0.00033592,0.00033592,0.00033592,0.55234,0.00033592,0.00033592,0.00033592
0.73704,0.26129,0.00023867,0.00023867,0.00023867,0.00023867,0.00023867,0.00023867,0.00023867
0.00018142,0.00018142,0.00018142,0.00018142,0.00018142,0.00018142,0.00018142,0.99855,0.00018142
0.00034899,0.00034899,0.00034899,0.46841,0.00034899,0.00034899,0.00034899,0.52914,0.00034899
0.99855,0.00018142,0.00018142,0.00018142,0.00018142,0.00018142,0.00018142,0.00018142,0.00018142
0.00024493,0.28985,0.00024493,0.3377,0.00024493,0.00024493,0.37098,0.00024493,0.00024493
0.99855,0.00018142,0.00018142,0.00018142,0.00018142,0.00018142,0.00018142,0.00018142,0.00018142
0.30971,0.30971,0.00026526,0.00026526,0.00026526,0.00026526,0.00026526,0.37899,0.00026526
0.99855,0.00018142,0.00018142,0.00018142,0.00018142,0.00018142,0.00018142,0.00018142,0.00018142
0.99855,0.00018142,0.00018142,0.00018142,0.00018142,0.00018142,0.00018142,0.00018142,0.00018142
0.00018142,0.00018142,0.00018142,0.00018142,0.00018142,0.00018142,0.00018142,0.99855,0.00018142
0.00033566,0.46479,0.00033566,0.00033566,0.00033566,0.00033566,0.00033566,0.53286,0.00033566
0.00018142,0.00018142,0.00018142,0.00018142,0.00018142,0.00018142,0.00018142,0.99855,0.00018142
0.0003337,0.46087,0.0003337,0.0003337,0.0003337,0.53679,0.0003337,0.0003337,0.0003337
0.36456,0.33819,0.00025575,0.00025575,0.00025575,0.00025575,0.29572,0.00025575,0.00025575
0.00020786,0.21562,0.00020786,0.24101,0.00020786,0.00020786,0.27152,0.27081,0.00020786
0.00019253,0.19684,0.20987,0.00019253,0.00019253,0.00019253,0.18013,0.24186,0.17054
0.1672,0.17803,0.00018904,0.1983,0.00018904,0.00018904,0.25319,0.20253,0.00018904
0.00024518,0.3181,0.31437,0.00024518,0.00024518,0.00024518,0.36605,0.00024518,0.00024518
0.22072,0.17857,0.16582,0.19818,0.00018299,0.00018299,0.23598,0.00018299,0.00018299
0.16414,0.20167,0.20265,0.00019142,0.00019142,0.00019142,0.00019142,0.20539,0.22539
0.00018142,0.00018142,0.00018142,0.00018142,0.00018142,0.00018142,0.00018142,0.99855,0.00018142
0.00034949,0.00034949,0.00034949,0.00034949,0.00034949,0.50577,0.49178,0.00034949,0.00034949
0.00024512,0.32272,0.33447,0.00024512,0.34134,0.00024512,0.00024512,0.00024512,0.00024512
0.00034657,0.00034657,0.00034657,0.47268,0.00034657,0.5249,0.00034657,0.00034657,0.00034657
0.00020876,0.2131,0.00020876,0.27272,0.22341,0.00020876,0.28973,0.00020876,0.00020876
0.2119,0.22034,0.0002145,0.0002145,0.0002145,0.0002145,0.2699,0.29679,0.0002145
0.18792,0.14041,0.13994,0.16135,0.00016436,0.00016436,0.21292,0.15696,0.00016436
0.00020725,0.21912,0.00020725,0.00020725,0.00020725,0.00020725,0.26526,0.26203,0.25255
0.55234,0.44531,0.00033592,0.00033592,0.00033592,0.00033592,0.00033592,0.00033592,0.00033592
0.37899,0.30971,0.00026526,0.00026526,0.00026526,0.00026526,0.00026526,0.00026526,0.30971
0.14649,0.18189,0.18868,0.00017828,0.00017828,0.00017828,0.14479,0.19113,0.14649
0.18574,0.15679,0.00018835,0.00018835,0.17803,0.00018835,0.20965,0.26903,0.00018835
0.54228,0.00034101,0.00034101,0.00034101,0.00034101,0.00034101,0.00034101,0.00034101,0.45533
0.29492,0.000245,0.000245,0.000245,0.000245,0.000245,0.34443,0.35918,0.000245
0.00023946,0.29363,0.00023946,0.00023946,0.37225,0.00023946,0.00023946,0.00023946,0.33269
0.00033694,0.45396,0.00033694,0.00033694,0.00033694,0.00033694,0.00033694,0.54368,0.00033694
0.00025797,0.31076,0.00025797,0.00025797,0.00025797,0.68743,0.00025797,0.00025797,0.00025797
0.00018142,0.00018142,0.00018142,0.00018142,0.00018142,0.99855,0.00018142,0.00018142,0.00018142
0.00020503,0.22331,0.23972,0.00020503,0.00020503,0.00020503,0.285,0.25094,0.00020503
0.00024943,0.3273,0.00024943,0.00024943,0.00024943,0.00024943,0.30073,0.37048,0.00024943
0.99855,0.00018142,0.00018142,0.00018142,0.00018142,0.00018142,0.00018142,0.00018142,0.00018142
0.00018142,0.00018142,0.00018142,0.00018142,0.00018142,0.00018142,0.00018142,0.99855,0.00018142
0.00022909,0.24811,0.00022909,0.00022909,0.00022909,0.51148,0.23904,0.00022909,0.00022909
0.20131,0.16674,0.00018365,0.21182,0.17419,0.00018365,0.2452,0.00018365,0.00018365
0.00026733,0.31349,0.00026733,0.00026733,0.00026733,0.00026733,0.31589,0.36902,0.00026733
0.17821,0.13977,0.00017526,0.14339,0.00017526,0.00017526,0.21733,0.18338,0.13739
0.00026177,0.33419,0.00026177,0.00026177,0.00026177,0.35178,0.31246,0.00026177,0.00026177
0.19443,0.20838,0.00020028,0.00020028,0.18553,0.21735,0.1935,0.00020028,0.00020028
0.36074,0.29805,0.00025407,0.33969,0.00025407,0.00025407,0.00025407,0.00025407,0.00025407
0.00018536,0.17985,0.15735,0.00018536,0.15507,0.1676,0.18223,0.15735,0.00018536
0.54204,0.00030583,0.00030583,0.00030583,0.00030583,0.00030583,0.00030583,0.45582,0.00030583
0.00025092,0.32497,0.31633,0.00025092,0.3572,0.00025092,0.00025092,0.00025092,0.00025092
0.55234,0.4453,0.00033592,0.00033592,0.00033592,0.00033592,0.00033592,0.00033592,0.00033592
0.99855,0.00018142,0.00018142,0.00018142,0.00018142,0.00018142,0.00018142,0.00018142,0.00018142
0.0001878,0.19451,0.16596,0.0001878,0.0001878,0.0001878,0.23727,0.23726,0.16425
0.15007,0.16924,0.13462,0.00017009,0.00017009,0.00017009,0.14972,0.20106,0.19478
0.0001043,0.0001043,0.0001043,0.0001043,0.0001043,0.0001043,0.4964,0.50287,0.0001043
0.37762,0.30784,0.0002643,0.0002643,0.0002643,0.0002643,0.31295,0.0002643,0.0002643
0.00019399,0.20834,0.21527,0.00019399,0.00019399,0.00019399,0.17326,0.23089,0.17147
0.25826,0.22785,0.00020704,0.00020704,0.00020704,0.00020704,0.26308,0.24978,0.00020704
0.23432,0.23866,0.00022608,0.00022608,0.00022608,0.25369,0.2722,0.00022608,0.00022608
0.20094,0.19453,0.20729,0.18006,0.00018957,0.21642,0.00018957,0.00018957,0.00018957
0.00020677,0.23063,0.24678,0.00020677,0.00020677,0.00020677,0.26355,0.25801,0.00020677
0.99855,0.00018142,0.00018142,0.00018142,0.00018142,0.00018142,0.00018142,0.00018142,0.00018142
0.38034,0.30021,0.3179,0.00025776,0.00025776,0.00025776,0.00025776,0.00025776,0.00025776
0.00016818,0.15491,0.15159,0.00016818,0.12217,0.12371,0.1421,0.12657,0.17861
0.99855,0.00018142,0.00018142,0.00018142,0.00018142,0.00018142,0.00018142,0.00018142,0.00018142
0.54228,0.45534,0.00034101,0.00034101,0.00034101,0.00034101,0.00034101,0.00034101,0.00034101
0.25599,0.24335,0.20863,0.00021197,0.00021197,0.00021197,0.00021197,0.29097,0.00021197
0.0002163,0.24965,0.0002163,0.0002163,0.0002163,0.0002163,0.21902,0.28939,0.24085
0.2718,0.22099,0.00020652,0.00020652,0.00020652,0.00020652,0.25734,0.24884,0.00020652
0.22806,0.18778,0.19161,0.17543,0.00018461,0.00018461,0.21637,0.00018461,0.00018461
0.00022827,0.29487,0.00022827,0.00022827,0.00022827,0.00022827,0.70353,0.00022827,0.00022827
0.00018142,0.00018142,0.00018142,0.00018142,0.00018142,0.00018142,0.00018142,0.99855,0.00018142
0.00020889,0.24144,0.23554,0.00020889,0.00020889,0.00020889,0.22899,0.29299,0.00020889
0.27111,0.23648,0.00021613,0.00021613,0.00021613,0.24978,0.24155,0.00021613,0.00021613
0.00026564,0.32605,0.00026564,0.00026564,0.00026564,0.35218,0.32018,0.00026564,0.00026564
0.26633,0.21867,0.00021348,0.00021348,0.00021348,0.00021348,0.22801,0.28592,0.00021348
0.00026678,0.31772,0.00026678,0.00026678,0.00026678,0.36061,0.32007,0.00026678,0.00026678
0.99855,0.00018142,0.00018142,0.00018142,0.00018142,0.00018142,0.00018142,0.00018142,0.00018142
0.21529,0.2042,0.00019422,0.00019422,0.17415,0.19003,0.21556,0.00019422,0.00019422
0.15641,0.17551,0.00018602,0.21806,0.00018602,0.00018602,0.24137,0.20791,0.00018602
0.00024577,0.32169,0.00024577,0.00024577,0.00024577,0.00024577,0.00024577,0.36365,0.31318
0.99855,0.00018142,0.00018142,0.00018142,0.00018142,0.00018142,0.00018142,0.00018142,0.00018142
0.00021536,0.2138,0.22207,0.27069,0.00021536,0.00021536,0.29237,0.00021536,0.00021536
0.19336,0.18771,0.00019213,0.00019213,0.16947,0.2363,0.2124,0.00019213,0.00019213
0.23631,0.21534,0.00021192,0.00021192,0.00021192,0.00021192,0.26775,0.27953,0.00021192
0.14173,0.16758,0.13565,0.00017399,0.00017399,0.00017399,0.17049,0.21371,0.17032
0.00017833,0.16386,0.17589,0.1551,0.00017833,0.14642,0.19865,0.15954,0.00017833
0.55234,0.00033592,0.4453,0.00033592,0.00033592,0.00033592,0.00033592,0.00033592,0.00033592
0.4453,0.00033592,0.00033592,0.00033592,0.00033592,0.00033592,0.00033592,0.55235,0.00033592
0.0002696,0.31788,0.0002696,0.0002696,0.33074,0.0002696,0.34976,0.0002696,0.0002696
0.16975,0.16408,0.15534,0.00017489,0.00017489,0.00017489,0.15535,0.21406,0.14089
0.00033919,0.45843,0.00033919,0.00033919,0.00033919,0.53919,0.00033919,0.00033919,0.00033919
0.00020496,0.20174,0.00020496,0.30238,0.00020496,0.00020496,0.49465,0.00020496,0.00020496
0.00023235,0.25948,0.00023235,0.00023235,0.00023235,0.73889,0.00023235,0.00023235,0.00023235
0.00019989,0.18355,0.00019989,0.18522,0.00019989,0.18751,0.22912,0.21379,0.00019989
0.3523,0.00025782,0.00025782,0.00025782,0.00025782,0.34596,0.3002,0.00025782,0.00025782
0.00033694,0.45396,0.00033694,0.00033694,0.00033694,0.54368,0.00033694,0.00033694,0.00033694
0.00023948,0.29366,0.00023948,0.00023948,0.00023948,0.00023948,0.00023948,0.3722,0.3327
0.00020369,0.20711,0.19011,0.00020369,0.00020369,0.4117,0.19006,0.00020369,0.00020369
0.33184,0.29354,0.00023942,0.00023942,0.00023942,0.00023942,0.37319,0.00023942,0.00023942
0.00018447,0.18406,0.1546,0.20317,0.00018447,0.00018447,0.2212,0.23623,0.00018447
0.99855,0.00018142,0.00018142,0.00018142,0.00018142,0.00018142,0.00018142,0.00018142,0.00018142
0.00025131,0.32561,0.00025131,0.00025131,0.00025131,0.00025131,0.00025131,0.35872,0.31416
0.00018142,0.00018142,0.00018142,0.00018142,0.00018142,0.00018142,0.00018142,0.99855,0.00018142
0.00021702,0.25405,0.23746,0.00021702,0.21814,0.28927,0.00021702,0.00021702,0.00021702
0.00018718,0.18718,0.19076,0.21351,0.00018718,0.00018718,0.24593,0.16187,0.00018718
0.0002522,0.31979,0.0002522,0.0002522,0.0002522,0.0002522,0.0002522,0.37242,0.30628
0.00023918,0.26768,0.00023918,0.00023918,0.00023918,0.46619,0.26469,0.00023918,0.00023918
0.00018519,0.1816,0.177,0.22586,0.00018519,0.00018519,0.23545,0.17934,0.00018519
0.33048,0.29249,0.00023648,0.00023648,0.00023648,0.00023648,0.37561,0.00023648,0.00023648
0.99855,0.00018142,0.00018142,0.00018142,0.00018142,0.00018142,0.00018142,0.00018142,0.00018142
0.32038,0.00026547,0.00026547,0.00026547,0.00026547,0.31731,0.36071,0.00026547,0.00026547
0.00026012,0.00026012,0.00026012,0.00026012,0.29919,0.00026012,0.36305,0.3362,0.00026012
0.00025304,0.31623,0.00025304,0.00025304,0.00025304,0.00025304,0.00025304,0.32736,0.35489
0.00020856,0.24473,0.22418,0.00020856,0.00020856,0.00020856,0.00020856,0.28013,0.24992
0.00032629,0.48283,0.00032629,0.00032629,0.00032629,0.00032629,0.00032629,0.00032629,0.51488
0.00025586,0.31431,0.30645,0.00025586,0.00025586,0.3777,0.00025586,0.00025586,0.00025586
0.0002681,0.32033,0.0002681,0.0002681,0.31737,0.0002681,0.36069,0.0002681,0.0002681
0.00021193,0.2412,0.00021193,0.25112,0.00021193,0.00021193,0.29585,0.21077,0.00021193
0.17433,0.17083,0.00018845,0.00018845,0.17838,0.00018845,0.24163,0.23407,0.00018845
0.00019346,0.20648,0.00019346,0.00019346,0.17695,0.00019346,0.20142,0.24177,0.17261
0.38455,0.00030485,0.00030485,0.00030485,0.00030485,0.00030485,0.00030485,0.61331,0.00030485
0.00019388,0.20122,0.21894,0.00019388,0.00019388,0.2321,0.17357,0.00019388,0.17339
0.99855,0.00018142,0.00018142,0.00018142,0.00018142,0.00018142,0.00018142,0.00018142,0.00018142
0.00021349,0.22944,0.24375,0.00021349,0.00021349,0.00021349,0.22637,0.29937,0.00021349
0.0002124,0.22237,0.0002124,0.22468,0.0002124,0.0002124,0.26446,0.28743,0.0002124
0.99855,0.00018142,0.00018142,0.00018142,0.00018142,0.00018142,0.00018142,0.00018142,0.00018142
0.00021475,0.26201,0.27867,0.21368,0.00021475,0.00021475,0.24456,0.00021475,0.00021475
0.19872,0.19903,0.00019477,0.00019477,0.17496,0.20274,0.22377,0.00019477,0.00019477
0.00017543,0.16646,0.00017543,0.00017543,0.13767,0.13592,0.17413,0.20479,0.1805
0.00020404,0.2308,0.24034,0.00020404,0.00020404,0.00020404,0.00020404,0.27165,0.25618
0.00024312,0.30623,0.32621,0.00024312,0.00024312,0.00024312,0.00024312,0.3661,0.00024312
0.99855,0.00018142,0.00018142,0.00018142,0.00018142,0.00018142,0.00018142,0.00018142,0.00018142
0.99855,0.00018142,0.00018142,0.00018142,0.00018142,0.00018142,0.00018142,0.00018142,0.00018142
0.00018142,0.00018142,0.00018142,0.00018142,0.00018142,0.00018142,0.00018142,0.99855,0.00018142
0.00025242,0.33091,0.29441,0.00025242,0.00025242,0.00025242,0.00025242,0.37316,0.00025242
0.00022795,0.24232,0.23778,0.2398,0.00022795,0.27895,0.00022795,0.00022795,0.00022795
0.23098,0.22416,0.00020373,0.00020373,0.00020373,0.00020373,0.27392,0.26993,0.00020373
0.00020319,0.22081,0.23469,0.00020319,0.00020319,0.00020319,0.00020319,0.2823,0.26119
0.00018142,0.00018142,0.00018142,0.00018142,0.00018142,0.00018142,0.00018142,0.99855,0.00018142
0.00025769,0.32043,0.00025769,0.00025769,0.00025769,0.3372,0.34082,0.00025769,0.00025769
0.22199,0.2244,0.00021654,0.00021654,0.00021654,0.00021654,0.25712,0.29542,0.00021654
0.00024258,0.29594,0.00024258,0.00024258,0.00024258,0.70236,0.00024258,0.00024258,0.00024258
0.00034132,0.456,0.00034132,0.00034132,0.00034132,0.00034132,0.00034132,0.54161,0.00034132
0.19015,0.18795,0.19405,0.00017998,0.00017998,0.00017998,0.00017998,0.22375,0.20338
0.2747,0.22271,0.00020924,0.00020924,0.00020924,0.00020924,0.29175,0.20979,0.00020924
0.00018142,0.00018142,0.00018142,0.00018142,0.00018142,0.00018142,0.00018142,0.99855,0.00018142
0.18488,0.15376,0.14969,0.13424,0.00016659,0.00016659,0.21081,0.16612,0.00016659
0.22257,0.23018,0.00020874,0.25369,0.00020874,0.00020874,0.29251,0.00020874,0.00020874
0.0002107,0.24111,0.20408,0.0002107,0.55355,0.0002107,0.0002107,0.0002107,0.0002107
0.21766,0.19506,0.19824,0.000187,0.000187,0.000187,0.22762,0.16067,0.000187
0.00018308,0.19558,0.1668,0.00018308,0.00018308,0.00018308,0.00018308,0.63652,0.00018308
0.00018142,0.00018142,0.00018142,0.00018142,0.00018142,0.00018142,0.00018142,0.99855,0.00018142
0.99855,0.00018142,0.00018142,0.00018142,0.00018142,0.00018142,0.00018142,0.00018142,0.00018142
0.99855,0.00018142,0.00018142,0.00018142,0.00018142,0.00018142,0.00018142,0.00018142,0.00018142
0.00018142,0.00018142,0.00018142,0.00018142,0.00018142,0.00018142,0.00018142,0.99855,0.00018142
0.00025563,0.32695,0.29318,0.00025563,0.00025563,0.00025563,0.00025563,0.37833,0.00025563
0.00018142,0.00018142,0.00018142,0.00018142,0.00018142,0.99855,0.00018142,0.00018142,0.00018142
0.20388,0.1409,0.14954,0.16351,0.00017492,0.00017492,0.17179,0.16986,0.00017492
0.00018891,0.19102,0.16431,0.00018891,0.1664,0.00018891,0.00018891,0.24645,0.23107
0.99855,0.00018142,0.00018142,0.00018142,0.00018142,0.00018142,0.00018142,0.00018142,0.00018142
0.2446,0.2036,0.19646,0.00019301,0.00019301,0.00019301,0.17148,0.18309,0.00019301
0.21333,0.24239,0.00021792,0.00021792,0.00021792,0.54297,0.00021792,0.00021792,0.00021792
0.00025299,0.29836,0.00025299,0.00025299,0.00025299,0.00025299,0.32641,0.37372,0.00025299
0.00034101,0.00034101,0.00034101,0.00034101,0.00034101,0.00034101,0.00034101,0.54227,0.45534
0.00021794,0.25718,0.00021794,0.00021794,0.2168,0.26569,0.00021794,0.00021794,0.25924
0.17915,0.14155,0.15489,0.12732,0.0001708,0.0001708,0.21468,0.18189,0.0001708
0.99855,0.00018142,0.00018142,0.00018142,0.00018142,0.00018142,0.00018142,0.00018142,0.00018142
0.99855,0.00018142,0.00018142,0.00018142,0.00018142,0.00018142,0.00018142,0.00018142,0.00018142
0.00020599,0.23702,0.22971,0.00020599,0.00020599,0.00020599,0.00020599,0.27874,0.2535
0.24226,0.20919,0.17797,0.00019315,0.00019315,0.17616,0.00019315,0.00019315,0.19365
0.26803,0.20658,0.15427,0.00016031,0.00016031,0.37032,0.00016031,0.00016031,0.00016031
0.0002618,0.3396,0.0002618,0.0002618,0.3463,0.0002618,0.0002618,0.31253,0.0002618
0.20737,0.18411,0.0001942,0.18759,0.0001942,0.0001942,0.24561,0.17455,0.0001942
0.00020678,0.23695,0.25097,0.00020678,0.22033,0.00020678,0.00020678,0.29071,0.00020678
0.17083,0.20702,0.21209,0.00019367,0.00019367,0.17175,0.23754,0.00019367,0.00019367
0.00018142,0.00018142,0.00018142,0.00018142,0.00018142,0.00018142,0.00018142,0.99855,0.00018142
0.15052,0.14466,0.12466,0.16264,0.000169,0.000169,0.20679,0.21022,0.000169
0.79292,0.20561,0.00020972,0.00020972,0.00020972,0.00020972,0.00020972,0.00020972,0.00020972
0.00022828,0.29488,0.00022828,0.00022828,0.70353,0.00022828,0.00022828,0.00022828,0.00022828
0.00025134,0.30775,0.00025134,0.34609,0.00025134,0.00025134,0.34466,0.00025134,0.00025134
0.00024927,0.32098,0.00024927,0.00024927,0.00024927,0.00024927,0.00024927,0.36189,0.31564
0.40623,0.39357,0.19896,0.00020769,0.00020769,0.00020769,0.00020769,0.00020769,0.00020769
0.16554,0.13944,0.1421,0.1344,0.00016458,0.00016458,0.20901,0.20903,0.00016458
0.22918,0.21147,0.20596,0.00019469,0.00019469,0.1804,0.1722,0.00019469,0.00019469
0.00019411,0.206,0.20711,0.00019411,0.17609,0.203,0.20702,0.00019411,0.00019411
0.00033695,0.45397,0.00033695,0.00033695,0.00033695,0.00033695,0.00033695,0.54367,0.00033695
0.25,0.1816,0.00019788,0.17876,0.00019788,0.00019788,0.19698,0.19186,0.00019788
0.00021999,0.23525,0.2225,0.00021999,0.00021999,0.00021999,0.26159,0.27957,0.00021999
0.19663,0.20374,0.000194,0.000194,0.1732,0.22956,0.19608,0.000194,0.000194
0.27674,0.22985,0.00021262,0.00021262,0.00021262,0.19694,0.29542,0.00021262,0.00021262
0.99855,0.00018142,0.00018142,0.00018142,0.00018142,0.00018142,0.00018142,0.00018142,0.00018142
0.22271,0.17214,0.18073,0.00017884,0.00017884,0.00017884,0.22434,0.19936,0.00017884
0.00025276,0.30591,0.3177,0.00025276,0.00025276,0.00025276,0.00025276,0.37487,0.00025276
0.00026334,0.31619,0.00026334,0.00026334,0.00026334,0.00026334,0.00026334,0.37627,0.30596
0.00025986,0.33288,0.00025986,0.00025986,0.00025986,0.30868,0.35688,0.00025986,0.00025986
0.00021539,0.24577,0.21263,0.00021539,0.00021539,0.00021539,0.25157,0.28896,0.00021539
0.00018142,0.00018142,0.00018142,0.00018142,0.00018142,0.00018142,0.00018142,0.99855,0.00018142
0.0002574,0.34084,0.35365,0.30396,0.0002574,0.0002574,0.0002574,0.0002574,0.0002574
0.00030485,0.00030485,0.00030485,0.00030485,0.00030485,0.00030485,0.38455,0.61332,0.00030485
0.99855,0.00018142,0.00018142,0.00018142,0.00018142,0.00018142,0.00018142,0.00018142,0.00018142
0.55235,0.4453,0.00033592,0.00033592,0.00033592,0.00033592,0.00033592,0.00033592,0.00033592
0.00021658,0.24142,0.00021658,0.00021658,0.00021658,0.26147,0.27399,0.00021658,0.22204
0.28281,0.0002491,0.0002491,0.0002491,0.0002491,0.0002491,0.31891,0.39679,0.0002491
0.21173,0.22239,0.00020918,0.00020918,0.00020918,0.00020918,0.27607,0.28877,0.00020918
0.00025331,0.30686,0.31629,0.00025331,0.00025331,0.00025331,0.00025331,0.37533,0.00025331
0.31226,0.32969,0.00025356,0.00025356,0.00025356,0.00025356,0.35653,0.00025356,0.00025356
0.99855,0.00018142,0.00018142,0.00018142,0.00018142,0.00018142,0.00018142,0.00018142,0.00018142
