0.20686,0.3259,0.22805,0.2392
0.17533,0.276,0.29133,0.25734
0.28704,0.24498,0.26308,0.20491
0.21374,0.24367,0.29323,0.24937
0.23223,0.23883,0.2674,0.26154
0.25324,0.169,0.2844,0.29337
0.28147,0.216,0.28264,0.21989
0.22618,0.27087,0.23789,0.26506
0.2495,0.22694,0.27215,0.2514
0.24652,0.2525,0.2058,0.29518
0.25738,0.18739,0.28459,0.27064
0.24314,0.27983,0.23061,0.24642
0.27405,0.26279,0.22372,0.23944
0.25243,0.2489,0.263,0.23567
0.22439,0.20304,0.28499,0.28759
0.26308,0.20799,0.27387,0.25506
0.2571,0.2976,0.20141,0.24389
0.24787,0.21835,0.27878,0.255
0.24949,0.26489,0.24751,0.23811
0.23291,0.25019,0.26385,0.25306
0.24273,0.20537,0.28987,0.26203
0.21455,0.23068,0.27386,0.28091
0.26187,0.23241,0.24723,0.25849
0.23406,0.26201,0.26201,0.24192
0.2541,0.24731,0.24448,0.2541
0.2818,0.26849,0.21992,0.22978
0.24144,0.24857,0.25951,0.25048
0.24763,0.26917,0.2319,0.25131
0.2418,0.25116,0.2582,0.24884
0.24566,0.27749,0.25216,0.22469
0.3083,0.21306,0.23515,0.2435
0.22211,0.25118,0.23674,0.28998
0.26646,0.23194,0.2086,0.293
0.22395,0.27391,0.3107,0.19144
0.29225,0.23753,0.2273,0.24292
0.25381,0.25381,0.25784,0.23453
0.27177,0.24274,0.26302,0.22247
0.26167,0.26121,0.25766,0.21945
0.097605,0.32036,0.28563,0.29641
0.21978,0.22208,0.28226,0.27587
0.2384,0.24324,0.25148,0.26689
0.26047,0.24436,0.24866,0.24651
0.2382,0.23504,0.26022,0.26654
0.26415,0.21681,0.25826,0.26078
0.20304,0.27415,0.26089,0.26191
0.27015,0.29388,0.20964,0.22632
0.27341,0.22753,0.25135,0.24771
0.29583,0.17719,0.29121,0.23576
0.26801,0.26353,0.24473,0.22373
0.2158,0.21133,0.30839,0.26447
0.28041,0.24686,0.23285,0.23988
0.26942,0.23773,0.23057,0.26228
0.27424,0.2825,0.23025,0.213
0.27601,0.28361,0.22723,0.21315
0.29166,0.17524,0.27177,0.26133
0.19647,0.26585,0.27183,0.26585
0.24748,0.25526,0.23889,0.25838
0.24544,0.25079,0.24939,0.25438
0.24426,0.27621,0.24426,0.23526
0.2911,0.23922,0.23484,0.23484
0.27443,0.24156,0.26434,0.21968
0.25719,0.2534,0.25935,0.23006
0.26271,0.23358,0.24578,0.25793
0.24844,0.24501,0.25256,0.25398
0.25938,0.20944,0.26376,0.26742
0.27197,0.24126,0.25195,0.23482
0.22583,0.26069,0.23815,0.27534
0.28231,0.22201,0.26293,0.23276
0.25403,0.24539,0.27828,0.22231
0.26033,0.21081,0.24318,0.28568
0.25027,0.28999,0.24266,0.21708
0.25178,0.26155,0.25799,0.22868
0.28028,0.28028,0.2206,0.21883
0.30663,0.167,0.27548,0.25089
0.28054,0.26162,0.24569,0.21216
0.17289,0.25402,0.29967,0.27343
0.22389,0.24151,0.27281,0.26178
0.24956,0.25447,0.27128,0.2247
0.24641,0.24042,0.27723,0.23593
0.25184,0.27662,0.25184,0.21971
0.29171,0.20937,0.25956,0.23935
0.24697,0.2625,0.24873,0.2418
0.20156,0.30455,0.28493,0.20896
0.31082,0.25993,0.24739,0.18186
0.24081,0.2744,0.22761,0.25718
0.25788,0.29294,0.24373,0.20545
0.26646,0.24745,0.25851,0.22758
0.26874,0.29586,0.2345,0.2009
0.25813,0.23988,0.23576,0.26623
0.21959,0.28888,0.22544,0.26609
0.23495,0.23246,0.26629,0.26629
0.20807,0.23985,0.28404,0.26804
0.19996,0.26823,0.27728,0.25454
0.30655,0.28934,0.31086,0.093249
0.23537,0.26734,0.24578,0.25151
0.24144,0.23749,0.26054,0.26054
0.26099,0.22511,0.26726,0.24664
0.25241,0.23637,0.25668,0.25454
0.26278,0.26587,0.24264,0.22871
0.26768,0.25058,0.24919,0.23254
0.2871,0.27496,0.1967,0.24124
0.26297,0.2172,0.26726,0.25256
0.21794,0.21513,0.27617,0.29076
0.23964,0.26908,0.25317,0.23812
0.26316,0.22034,0.26238,0.25412
0.28992,0.21024,0.26663,0.23322
0.28942,0.23084,0.2433,0.23644
0.27455,0.29004,0.26485,0.17056
0.24505,0.20521,0.27577,0.27397
0.25949,0.25851,0.27111,0.21089
0.24837,0.22386,0.25457,0.27319
0.25313,0.26568,0.25093,0.23026
0.23918,0.25294,0.27302,0.23486
0.26658,0.22364,0.26788,0.2419
0.27955,0.22788,0.25293,0.23964
0.31934,0.23388,0.2416,0.20518
0.24026,0.23248,0.26796,0.25929
0.2205,0.26187,0.254,0.26363
0.23386,0.32351,0.23078,0.21185
0.25173,0.22661,0.24191,0.27974
0.24523,0.2834,0.23411,0.23726
0.25643,0.28057,0.24483,0.21817
0.28827,0.26447,0.22489,0.22237
0.25038,0.24131,0.28032,0.22799
0.27466,0.22965,0.2533,0.24239
0.26292,0.24412,0.25236,0.2406
0.25266,0.24946,0.20709,0.2908
0.21948,0.2835,0.25649,0.24052
0.25798,0.21263,0.27054,0.25885
0.22542,0.28585,0.24801,0.24072
0.24041,0.21155,0.28414,0.2639
0.22791,0.29483,0.23863,0.23863
0.24275,0.23906,0.26053,0.25766
0.24632,0.26696,0.24925,0.23747
0.26941,0.2871,0.23228,0.21121
0.29166,0.18285,0.28932,0.23616
0.25144,0.2705,0.23903,0.23903
0.26471,0.26313,0.23668,0.23548
0.27651,0.23527,0.24508,0.24314
0.26289,0.24386,0.24606,0.24719
0.30211,0.24344,0.21719,0.23726
0.31008,0.2423,0.22574,0.22188
0.27046,0.18312,0.27458,0.27185
0.24046,0.26226,0.24046,0.25682
0.2625,0.20385,0.25221,0.28144
0.2644,0.22676,0.25684,0.25201
0.25542,0.22771,0.25782,0.25906
0.25454,0.21713,0.28017,0.24816
0.23231,0.23575,0.26597,0.26597
0.25815,0.22359,0.26011,0.25815
0.24608,0.2504,0.25418,0.24934
0.28791,0.21743,0.27211,0.22254
0.25376,0.28235,0.24824,0.21565
0.24383,0.28811,0.254,0.21406
0.26745,0.25703,0.24976,0.22576
0.2333,0.28062,0.26293,0.22315
0.30159,0.20378,0.27251,0.22212
0.2331,0.21799,0.27679,0.27212
0.26031,0.20142,0.27894,0.25932
0.22973,0.29297,0.25546,0.22183
0.26281,0.25202,0.23316,0.25202
0.25002,0.25881,0.25251,0.23865
0.23409,0.26515,0.2699,0.23086
0.26616,0.23007,0.26719,0.23659
0.25767,0.22696,0.27178,0.24359
0.27914,0.27114,0.21506,0.23466
0.25585,0.29693,0.23026,0.21696
0.28608,0.28408,0.22795,0.20189
0.26665,0.23302,0.25975,0.24059
0.296,0.23754,0.26037,0.20609
0.28601,0.26295,0.2442,0.20684
0.27427,0.28773,0.22236,0.21565
0.24377,0.24285,0.25116,0.26222
0.26994,0.27174,0.23321,0.22512
0.22382,0.26968,0.24856,0.25794
0.28994,0.26163,0.21624,0.23219
0.24799,0.29086,0.24314,0.218
0.22678,0.22227,0.27324,0.27771
0.25002,0.23671,0.2756,0.23767
0.26449,0.2534,0.25744,0.22467
0.2282,0.23913,0.25691,0.27576
0.25448,0.2851,0.24456,0.21586
0.28433,0.26856,0.23746,0.20966
0.23558,0.24648,0.26404,0.25389
0.27357,0.25048,0.26831,0.20765
0.26416,0.27064,0.22561,0.23958
0.28213,0.26831,0.22762,0.22194
0.30177,0.27645,0.23091,0.19086
0.29678,0.2758,0.2332,0.19423
0.2713,0.20319,0.26999,0.25552
0.29494,0.23201,0.25002,0.22303
0.24202,0.26026,0.23381,0.26391
0.21147,0.22911,0.28097,0.27845
0.25986,0.18545,0.28419,0.2705
0.25233,0.1858,0.25233,0.30954
0.21032,0.29023,0.25448,0.24497
0.25552,0.26163,0.23683,0.24602
0.2591,0.27635,0.2291,0.23545
0.29421,0.19278,0.26257,0.25044
0.20603,0.29047,0.23489,0.2686
0.24589,0.32733,0.23614,0.19064
0.21792,0.25259,0.26531,0.26417
0.22483,0.27813,0.23904,0.258
0.31307,0.18511,0.29495,0.20687
0.21652,0.20636,0.28032,0.2968
0.24736,0.17582,0.28179,0.29503
0.26166,0.20696,0.26367,0.26771
0.24878,0.26585,0.25278,0.23259
0.24627,0.22115,0.26829,0.26429
0.25214,0.2282,0.26443,0.25522
0.29067,0.21749,0.24303,0.24881
0.29427,0.22672,0.25922,0.21979
0.31502,0.24103,0.23212,0.21183
0.24827,0.27326,0.2551,0.22337
0.28544,0.24408,0.24218,0.2283
0.20864,0.33697,0.23614,0.21825
0.25252,0.27189,0.2316,0.24399
0.24825,0.29249,0.23563,0.22363
0.23546,0.24416,0.26814,0.25224
0.25182,0.26728,0.25386,0.22704
0.27057,0.25472,0.24316,0.23155
0.28384,0.30193,0.18772,0.22651
0.24539,0.31533,0.21781,0.22146
0.27653,0.24895,0.24343,0.23109
0.25047,0.29245,0.23493,0.22215
0.30195,0.19897,0.27708,0.222
0.25762,0.16711,0.28482,0.29045
0.30907,0.24928,0.2318,0.20985
0.26739,0.23002,0.24036,0.26223
0.25773,0.2699,0.25333,0.21903
0.25469,0.27459,0.24077,0.22994
0.22788,0.25985,0.21293,0.29934
0.27619,0.26,0.20706,0.25675
0.24659,0.28868,0.2377,0.22703
0.19697,0.30103,0.22989,0.27212
0.24264,0.28638,0.25793,0.21305
0.27976,0.24578,0.21513,0.25934
0.26069,0.26069,0.25442,0.22421
0.32503,0.067391,0.32066,0.28692
0.22641,0.23517,0.26823,0.27019
0.30448,0.18866,0.2543,0.25256
0.27127,0.28273,0.24261,0.2034
0.24081,0.24817,0.27292,0.2381
0.19453,0.256,0.26044,0.28904
0.23239,0.27182,0.23922,0.25657
0.29808,0.15975,0.2792,0.26297
0.23349,0.30986,0.21807,0.23858
0.22953,0.26303,0.25629,0.25115
0.23117,0.22093,0.2727,0.27521
0.24127,0.19012,0.28908,0.27952
0.27589,0.25284,0.25024,0.22103
0.26944,0.23454,0.26147,0.23454
0.24795,0.27718,0.2507,0.22417
0.25895,0.28123,0.24352,0.2163
0.25295,0.26541,0.24225,0.23939
0.23292,0.21731,0.28952,0.26025
0.27134,0.2416,0.23731,0.24975
0.21099,0.35356,0.20566,0.22979
0.27703,0.24906,0.25326,0.22065
0.22877,0.32282,0.21964,0.22877
0.23113,0.25954,0.25827,0.25107
0.22987,0.21848,0.28972,0.26193
0.25212,0.25986,0.23033,0.25769
0.2358,0.19933,0.28549,0.27939
0.25667,0.22636,0.26756,0.24941
0.23562,0.23203,0.2617,0.27065
0.24035,0.28673,0.22053,0.25239
0.23538,0.29382,0.25261,0.21818
0.28025,0.23483,0.23295,0.25196
0.25544,0.25469,0.24218,0.24769
0.20619,0.2482,0.2482,0.29741
0.28064,0.17914,0.23706,0.30316
0.28991,0.25539,0.24659,0.20811
0.2691,0.23214,0.242,0.25675
0.30365,0.19979,0.25389,0.24267
0.27411,0.2706,0.2254,0.22989
0.24583,0.24069,0.24905,0.26444
0.17535,0.24474,0.34312,0.2368
0.24911,0.2364,0.26792,0.24657
0.22508,0.32705,0.2168,0.23107
0.28044,0.2155,0.24696,0.2571
0.24667,0.23803,0.25654,0.25876
0.23949,0.23949,0.26882,0.25219
0.25797,0.19759,0.27017,0.27427
0.21235,0.28183,0.26299,0.24284
0.24626,0.20727,0.2726,0.27387
0.29413,0.22979,0.25598,0.2201
0.23229,0.2218,0.26182,0.28409
0.23792,0.25191,0.24047,0.26969
0.26914,0.27602,0.24575,0.20909
0.25218,0.16525,0.29467,0.2879
0.23603,0.25217,0.26957,0.24223
0.29276,0.24937,0.25449,0.20338
0.23526,0.24229,0.27113,0.25132
0.20695,0.22197,0.28436,0.28672
0.2516,0.18344,0.2761,0.28885
0.25972,0.2822,0.22428,0.23379
0.24273,0.23119,0.28073,0.24535
0.22083,0.26961,0.24778,0.26178
0.28178,0.18792,0.30774,0.22256
0.27638,0.25789,0.2361,0.22963
0.26259,0.24619,0.24221,0.24901
0.27577,0.28386,0.22119,0.21918
0.28575,0.24862,0.23552,0.2301
0.249,0.26058,0.25243,0.23799
0.32191,0.23125,0.2438,0.20305
0.25607,0.26608,0.21956,0.25829
0.27165,0.26178,0.23426,0.23231
0.21802,0.24421,0.26426,0.27351
0.25333,0.24032,0.28585,0.2205
0.31095,0.23865,0.22198,0.22842
0.29755,0.24829,0.23983,0.21433
0.2671,0.28071,0.23105,0.22113
0.27554,0.28704,0.21607,0.22134
0.29222,0.3035,0.17028,0.23399
0.25635,0.25038,0.2623,0.23096
0.26617,0.24378,0.24378,0.24626
0.25644,0.23871,0.26897,0.23588
0.25361,0.26952,0.22657,0.2503
0.28941,0.18663,0.29405,0.22991
0.26602,0.24584,0.25017,0.23796
0.23953,0.23953,0.253,0.26794
0.23073,0.28125,0.25217,0.23585
0.3024,0.26061,0.24491,0.19208
0.25931,0.25348,0.25516,0.23205
0.27568,0.25933,0.24724,0.21775
0.23111,0.23466,0.26578,0.26845
0.2767,0.20484,0.26469,0.25378
0.23874,0.32128,0.23765,0.20232
0.26967,0.29219,0.23427,0.20386
0.21297,0.26763,0.23728,0.28213
0.25024,0.23695,0.27146,0.24135
0.25699,0.24374,0.27533,0.22394
0.31049,0.20266,0.26266,0.22418
0.27361,0.27131,0.24029,0.21479
0.28698,0.2485,0.25239,0.21214
0.2864,0.21837,0.26673,0.2285
0.22942,0.24754,0.25604,0.267
0.25799,0.25799,0.25037,0.23364
0.21391,0.34031,0.23858,0.2072
0.26418,0.21164,0.27707,0.24711
0.21621,0.23645,0.3058,0.24154
0.25674,0.23863,0.26601,0.23863
0.24022,0.2668,0.25647,0.23651
0.24661,0.22679,0.27999,0.24661
0.26554,0.20085,0.25907,0.27455
0.26537,0.28278,0.24648,0.20536
0.26889,0.23189,0.24539,0.25382
0.25153,0.24949,0.23403,0.26495
0.25876,0.23776,0.25641,0.24706
0.23021,0.25397,0.2909,0.22492
0.25652,0.20774,0.2588,0.27694
0.16381,0.24049,0.30796,0.28774
0.22742,0.27129,0.23986,0.26144
0.2723,0.20196,0.27059,0.25515
0.2962,0.26005,0.23772,0.20604
0.31407,0.24611,0.22154,0.21828
0.23612,0.22249,0.29271,0.24868
0.27158,0.25079,0.24248,0.23516
0.25492,0.29934,0.22332,0.22241
0.25877,0.304,0.23619,0.20105
0.26198,0.24082,0.24757,0.24963
0.26163,0.2686,0.23488,0.23488
0.19985,0.26039,0.274,0.26575
0.2063,0.28043,0.26602,0.24725
0.27453,0.25085,0.26153,0.21308
0.25202,0.3004,0.18827,0.25931
0.22555,0.22163,0.26468,0.28814
0.24019,0.26531,0.24879,0.24572
0.28253,0.24247,0.22989,0.24512
0.27642,0.29178,0.22108,0.21071
0.25537,0.27313,0.2504,0.22109
0.26258,0.2486,0.25811,0.2307
0.20959,0.2397,0.28266,0.26805
0.24025,0.23678,0.25236,0.27061
0.28319,0.24509,0.23701,0.23471
0.26612,0.22802,0.24284,0.26301
0.24798,0.24394,0.26413,0.24394
0.20985,0.26832,0.23796,0.28388
0.25635,0.26009,0.21223,0.27133
0.23956,0.2426,0.289,0.22884
0.29792,0.26595,0.22675,0.20938
0.2482,0.29782,0.24475,0.20923
0.22779,0.20304,0.28709,0.28208
0.28973,0.23118,0.24792,0.23118
0.23952,0.29115,0.2522,0.21712
0.27045,0.28638,0.2291,0.21407
0.27339,0.26599,0.26376,0.19686
0.23661,0.26706,0.25018,0.24616
0.21343,0.22965,0.28542,0.27149
0.25306,0.23569,0.26951,0.24175
0.29595,0.22417,0.25309,0.22679
0.25792,0.27706,0.25031,0.21472
0.24889,0.2685,0.28059,0.20203
0.26512,0.32285,0.18001,0.23202
0.26037,0.26465,0.20029,0.27469
0.24265,0.25883,0.23087,0.26766
0.28113,0.2294,0.23288,0.25659
0.25111,0.24107,0.24664,0.26118
0.25145,0.24226,0.25715,0.24914
0.2839,0.18204,0.27086,0.26321
0.27724,0.17155,0.29255,0.25866
0.28324,0.23896,0.25374,0.22406
0.24295,0.30178,0.19644,0.25882
0.22762,0.2443,0.24655,0.28152
0.24599,0.257,0.24599,0.25102
0.27275,0.23102,0.26672,0.22952
0.28006,0.25252,0.23996,0.22746
0.2575,0.2575,0.24786,0.23713
0.25609,0.26647,0.20531,0.27212
0.26504,0.25937,0.23187,0.24372
0.29432,0.20742,0.26419,0.23407
0.25678,0.22623,0.27598,0.24101
0.27769,0.17716,0.26589,0.27925
0.27145,0.26943,0.22649,0.23263
0.26219,0.20961,0.2431,0.2851
0.25933,0.26815,0.24575,0.22676
0.29029,0.24093,0.24778,0.221
0.23171,0.27119,0.23655,0.26055
0.28292,0.26566,0.23867,0.21274
0.2886,0.25719,0.20713,0.24708
0.26531,0.24987,0.2189,0.26592
0.25763,0.21365,0.26533,0.26339
0.23554,0.2471,0.27395,0.24341
0.24584,0.22487,0.27487,0.25441
0.24097,0.31885,0.23998,0.2002
0.25342,0.21429,0.28489,0.2474
0.24436,0.19481,0.29511,0.26572
0.28215,0.21258,0.26353,0.24174
0.26148,0.24275,0.25611,0.23967
0.24944,0.26326,0.25095,0.23635
0.24627,0.26348,0.24856,0.24169
0.23044,0.28912,0.24539,0.23505
0.22029,0.27298,0.25109,0.25563
0.23824,0.23005,0.28382,0.24789
0.28674,0.2659,0.24838,0.19897
0.23778,0.27979,0.24236,0.24007
0.2257,0.21496,0.29293,0.2664
0.24955,0.24955,0.25964,0.24127
0.24453,0.22107,0.27203,0.26237
0.26017,0.28511,0.23082,0.22391
0.2211,0.27452,0.2544,0.24997
0.23243,0.326,0.28762,0.15395
0.2495,0.27558,0.21979,0.25514
0.23229,0.20655,0.27414,0.28703
0.2486,0.27225,0.254,0.22515
0.22933,0.22933,0.28207,0.25928
0.24005,0.30074,0.24005,0.21916
0.27766,0.26894,0.21054,0.24286
0.24137,0.29922,0.22485,0.23457
0.28977,0.30033,0.17527,0.23464
0.25067,0.24798,0.25067,0.25067
0.22031,0.27723,0.19719,0.30526
0.26336,0.27086,0.19095,0.27483
0.24244,0.25637,0.25637,0.24483
0.25561,0.24884,0.24502,0.25053
0.30329,0.25668,0.23596,0.20407
0.24507,0.24371,0.24916,0.26206
0.24019,0.30169,0.17976,0.27836
0.207,0.2669,0.2669,0.25919
0.25494,0.2444,0.25626,0.2444
0.22507,0.24939,0.26579,0.25974
0.24294,0.33332,0.2268,0.19694
0.25524,0.22961,0.22961,0.28553
0.24192,0.24902,0.26472,0.24434
0.27729,0.23723,0.24274,0.24274
0.26397,0.20666,0.2507,0.27866
0.25124,0.24627,0.25124,0.25124
0.2384,0.22737,0.26469,0.26954
0.24314,0.20426,0.28109,0.2715
0.24558,0.25244,0.22811,0.27388
0.31202,0.18695,0.25256,0.24847
0.21195,0.30165,0.27446,0.21195
0.25764,0.23751,0.22961,0.27523
0.2366,0.2366,0.27117,0.25564
0.22736,0.25413,0.26962,0.24888
0.27406,0.26596,0.24049,0.21948
0.26075,0.24223,0.25902,0.238
0.24154,0.28374,0.21963,0.2551
0.23581,0.24287,0.2667,0.25463
0.28539,0.19934,0.28186,0.23342
0.23303,0.26596,0.25979,0.24123
0.2364,0.28433,0.24778,0.2315
0.25131,0.28161,0.23145,0.23563
0.2472,0.2859,0.24658,0.22032
0.21969,0.22426,0.26373,0.29232
0.27463,0.27088,0.25341,0.20109
0.25251,0.1988,0.27928,0.26942
0.26737,0.27352,0.22679,0.23233
0.25151,0.18349,0.29648,0.26852
0.26581,0.18299,0.284,0.26721
0.24631,0.24631,0.24507,0.2623
0.27945,0.18144,0.27478,0.26432
0.23864,0.26098,0.26871,0.23168
0.24973,0.27078,0.23753,0.24196
0.26956,0.26663,0.25218,0.21163
0.23569,0.23319,0.27605,0.25507
0.25962,0.25962,0.26536,0.21539
0.27145,0.23372,0.24625,0.24858
0.29479,0.17074,0.30104,0.23343
0.21293,0.26454,0.24534,0.2772
0.23475,0.25026,0.24326,0.27174
0.26872,0.25847,0.25243,0.22038
0.272,0.26028,0.24812,0.2196
0.26847,0.23262,0.26009,0.23882
0.25396,0.24894,0.23006,0.26703
0.22093,0.26703,0.26703,0.24502
0.24215,0.16639,0.28508,0.30638
0.26898,0.21793,0.28858,0.22452
0.30406,0.21759,0.24398,0.23437
0.23463,0.25769,0.26407,0.24362
0.25431,0.24712,0.23123,0.26734
0.27814,0.23637,0.244,0.2415
0.23546,0.25091,0.25521,0.25841
0.22588,0.25946,0.27536,0.2393
0.23164,0.175,0.27852,0.31483
0.25601,0.26641,0.2489,0.22867
0.23303,0.25862,0.26249,0.24585
0.23981,0.26892,0.25146,0.23981
0.28351,0.263,0.22079,0.2327
0.25001,0.24832,0.2559,0.24577
0.24292,0.23457,0.26968,0.25283
0.27964,0.26457,0.20937,0.24642
0.19344,0.29706,0.26367,0.24583
0.28006,0.21094,0.25847,0.25053
0.27054,0.2262,0.26402,0.23925
0.20373,0.24865,0.26602,0.28159
0.27983,0.18416,0.27645,0.25955
0.2792,0.18325,0.25982,0.27772
0.27684,0.22755,0.237,0.2586
0.2757,0.25726,0.22297,0.24406
0.28344,0.25352,0.24087,0.22216
0.24938,0.24938,0.26706,0.23419
0.26954,0.21283,0.2555,0.26212
0.26486,0.25342,0.25916,0.22255
0.24897,0.19377,0.25805,0.29921
0.22057,0.2416,0.28363,0.2542
0.2182,0.25494,0.26932,0.25754
0.31575,0.20238,0.26184,0.22002
0.22789,0.26878,0.25545,0.24788
0.27847,0.24581,0.23707,0.23864
0.25195,0.26195,0.26528,0.22082
0.26678,0.22939,0.25575,0.24808
0.23731,0.26861,0.25397,0.24011
0.30534,0.24863,0.22815,0.21787
0.2523,0.22488,0.25854,0.26428
0.25016,0.22259,0.26651,0.26074
0.25061,0.21535,0.27968,0.25436
0.27828,0.19339,0.28353,0.2448
0.27633,0.18817,0.2665,0.26899
0.23129,0.25269,0.26155,0.25446
0.30108,0.28701,0.2223,0.18961
0.22677,0.24613,0.26051,0.26659
0.26136,0.26514,0.22199,0.25151
0.25974,0.22978,0.25376,0.25673
0.24728,0.24969,0.25816,0.24486
0.23727,0.27779,0.23377,0.25117
0.24552,0.29851,0.22305,0.23291
0.24603,0.2917,0.25693,0.20535
0.2737,0.24556,0.24367,0.23707
0.29295,0.25345,0.22873,0.22487
0.28544,0.24194,0.2516,0.22102
0.22291,0.23651,0.27769,0.26288
0.23693,0.2024,0.28336,0.27732
0.26731,0.25512,0.24174,0.23583
0.22107,0.31963,0.23512,0.22418
0.25112,0.24815,0.25336,0.24738
0.25969,0.2726,0.22169,0.24602
0.29664,0.25435,0.2283,0.2207
0.29961,0.22289,0.24254,0.23497
0.25963,0.23973,0.26091,0.23973
0.21577,0.25044,0.26377,0.27002
0.26984,0.29638,0.20827,0.22551
0.29735,0.25653,0.21697,0.22915
0.27896,0.25569,0.24882,0.21653
0.21987,0.27431,0.25687,0.24894
0.25319,0.23354,0.23929,0.27398
0.24729,0.32608,0.16453,0.2621
0.24483,0.26059,0.25958,0.23501
0.28541,0.30179,0.21498,0.19782
0.21611,0.25215,0.28247,0.24926
0.22284,0.22595,0.27715,0.27406
0.23527,0.24233,0.2634,0.25899
0.26063,0.27288,0.23829,0.2282
0.26833,0.21202,0.22327,0.29638
0.24505,0.24671,0.29475,0.21349
0.23551,0.26501,0.23991,0.25957
0.28041,0.28964,0.22444,0.20551
0.1723,0.29808,0.18846,0.34116
0.2912,0.28301,0.23719,0.18859
0.29761,0.22948,0.24618,0.22673
0.2495,0.29559,0.23497,0.21994
0.28551,0.22733,0.21358,0.27358
0.26294,0.25729,0.23374,0.24603
0.26508,0.2819,0.25173,0.2013
0.27064,0.22643,0.27184,0.23108
0.2528,0.21665,0.24169,0.28886
0.24132,0.31244,0.18681,0.25943
0.26802,0.26405,0.22794,0.23999
0.25105,0.29429,0.20255,0.25211
0.24513,0.2256,0.27196,0.25731
0.24404,0.27089,0.2276,0.25747
0.26366,0.14664,0.29014,0.29956
0.2713,0.18519,0.27314,0.27037
0.25656,0.22933,0.26261,0.25151
0.32328,0.26206,0.17034,0.24432
0.24287,0.30322,0.25582,0.19809
0.24548,0.24143,0.25538,0.25772
0.27625,0.22252,0.26252,0.23871
0.28198,0.26637,0.23769,0.21396
0.24564,0.16339,0.28109,0.30988
0.19753,0.24693,0.29362,0.26192
0.24697,0.22537,0.26838,0.25927
0.25771,0.23699,0.25705,0.24826
0.27683,0.26494,0.23555,0.22268
0.23693,0.27646,0.24817,0.23843
0.23531,0.22002,0.27878,0.26589
0.23754,0.24719,0.24869,0.26657
0.24406,0.27422,0.23766,0.24406
0.27576,0.25323,0.25323,0.21779
0.24385,0.20907,0.27613,0.27095
0.25978,0.28971,0.22349,0.22703
0.31279,0.2091,0.24454,0.23357
0.247,0.24011,0.24978,0.26312
0.25294,0.26161,0.23643,0.24902
0.26515,0.1864,0.2801,0.26835
0.19645,0.28298,0.25885,0.26172
0.27799,0.28727,0.19935,0.2354
0.25878,0.24885,0.2733,0.21907
0.24337,0.21024,0.25585,0.29054
0.33533,0.18049,0.24541,0.23876
0.23287,0.2315,0.27185,0.26378
0.30646,0.29004,0.2037,0.1998
0.25911,0.24672,0.23506,0.25911
0.28239,0.2426,0.2426,0.23241
0.28912,0.17453,0.26817,0.26817
0.24346,0.21319,0.27751,0.26584
0.31785,0.1841,0.25867,0.23938
0.23844,0.26535,0.267,0.22921
0.269,0.24836,0.25378,0.22886
0.28291,0.25636,0.24327,0.21746
0.25562,0.2651,0.23279,0.24649
0.2729,0.25601,0.24194,0.22914
0.24297,0.20151,0.2819,0.27362
0.1937,0.22762,0.2938,0.28488
0.26009,0.26763,0.23473,0.23756
0.2467,0.23571,0.2467,0.27089
0.25436,0.2278,0.2771,0.24073
0.21491,0.28114,0.26877,0.23517
0.26163,0.23026,0.24041,0.2677
0.22013,0.23162,0.22013,0.32813
0.31776,0.21907,0.26137,0.20181
0.26229,0.20636,0.26481,0.26654
0.23665,0.29346,0.25008,0.21982
0.22598,0.26714,0.22833,0.27855
0.25965,0.23879,0.26277,0.23879
0.2818,0.25475,0.22557,0.23787
0.27191,0.26411,0.23806,0.22592
0.23072,0.22473,0.26783,0.27672
0.25307,0.24009,0.26059,0.24626
0.26105,0.25332,0.26105,0.22459
0.30454,0.15513,0.27453,0.2658
0.30744,0.24395,0.23172,0.21689
0.27609,0.22771,0.25275,0.24344
0.26976,0.20945,0.27362,0.24717
0.2445,0.35746,0.2132,0.18484
0.28832,0.27342,0.23401,0.20425
0.29525,0.23553,0.2542,0.21502
0.22781,0.26191,0.23054,0.27973
0.25385,0.26154,0.22088,0.26374
0.24556,0.23607,0.26058,0.25779
0.24868,0.2105,0.25724,0.28358
0.31258,0.23969,0.17283,0.2749
0.26685,0.26204,0.25653,0.21457
0.31431,0.23266,0.23463,0.2184
0.28184,0.21184,0.25428,0.25204
0.18561,0.33401,0.26564,0.21475
0.25461,0.28659,0.24268,0.21612
0.30129,0.289,0.19697,0.21273
0.27181,0.25005,0.25319,0.22494
0.25131,0.22965,0.24874,0.2703
0.24169,0.23533,0.25751,0.26547
0.25962,0.24359,0.24359,0.25321
0.25291,0.24269,0.25056,0.25384
0.27256,0.23682,0.23682,0.2538
0.26895,0.26944,0.24179,0.21982
0.27587,0.22854,0.26227,0.23333
0.2282,0.20607,0.27891,0.28682
0.26216,0.26032,0.23738,0.24014
0.17838,0.16239,0.2768,0.38242
0.2598,0.28068,0.25614,0.20338
0.23664,0.22595,0.25967,0.27775
0.21015,0.2506,0.26962,0.26962
0.28395,0.23557,0.27291,0.20757
0.25896,0.29454,0.20665,0.23985
0.24222,0.28066,0.26724,0.20988
0.27796,0.26297,0.23826,0.22081
0.22313,0.24242,0.27862,0.25582
0.23728,0.23459,0.23459,0.29355
0.27678,0.25479,0.25115,0.21729
0.20436,0.32788,0.2089,0.25886
0.28847,0.22249,0.23901,0.25003
0.2325,0.26459,0.26654,0.23637
0.25384,0.35575,0.17571,0.2147
0.25455,0.24652,0.24652,0.25241
0.29103,0.29215,0.18692,0.22991
0.26632,0.25226,0.2433,0.23812
0.26309,0.25407,0.2557,0.22715
0.22964,0.21362,0.29415,0.2626
0.26914,0.26686,0.21938,0.24462
0.25817,0.24019,0.23776,0.26388
0.27113,0.29064,0.2348,0.20343
0.24949,0.22447,0.26038,0.26565
0.21459,0.20095,0.30484,0.27961
0.21378,0.28578,0.27066,0.22977
0.3274,0.20046,0.22968,0.24247
0.28217,0.30287,0.19547,0.2195
0.24916,0.26001,0.23252,0.25831
0.24168,0.23374,0.26706,0.25751
0.21065,0.26384,0.28999,0.23552
0.23821,0.22211,0.2866,0.25309
0.24084,0.26837,0.24793,0.24286
0.2061,0.29959,0.22467,0.26964
0.20987,0.27393,0.25703,0.25916
0.23506,0.25355,0.26764,0.24375
0.25815,0.27257,0.24128,0.22799
0.27759,0.21526,0.25907,0.24808
0.23957,0.25462,0.25812,0.24769
0.23997,0.20956,0.27728,0.27319
0.25448,0.25112,0.24664,0.24777
0.249,0.29335,0.20487,0.25278
0.22592,0.22981,0.28663,0.25764
0.24754,0.27049,0.26083,0.22115
0.24594,0.24594,0.26217,0.24594
0.28685,0.15342,0.28049,0.27924
0.35941,0.37241,0.26817,0
0.26006,0.22858,0.24868,0.26268
0.26767,0.25804,0.23235,0.24194
0.26075,0.2251,0.25707,0.25707
0.24817,0.24154,0.26012,0.25017
0.20704,0.21121,0.28589,0.29586
0.24157,0.2545,0.25901,0.24492
0.22418,0.2005,0.29037,0.28495
0.242,0.23986,0.2644,0.25374
0.2535,0.22054,0.27524,0.25072
0.21666,0.27865,0.3002,0.2045
0.24316,0.24316,0.25331,0.26036
0.26776,0.28436,0.19953,0.24835
0.25247,0.2426,0.23276,0.27218
0.13667,0.22888,0.27773,0.35672
0.22185,0.25594,0.26837,0.25384
0.25293,0.2131,0.2771,0.25688
0.25593,0.22949,0.26067,0.25391
0.25284,0.21095,0.26277,0.27344
0.26027,0.22249,0.26516,0.25208
0.25907,0.21345,0.2674,0.26007
0.23651,0.21203,0.27517,0.27629
0.29952,0.24065,0.20662,0.25321
0.25072,0.27764,0.24455,0.22709
0.23969,0.28178,0.26456,0.21396
0.23212,0.26827,0.23212,0.2675
0.23766,0.24151,0.26764,0.25318
0.23786,0.26003,0.24664,0.25547
0.26642,0.23501,0.2607,0.23787
0.24736,0.25417,0.25871,0.23976
0.23839,0.25486,0.26379,0.24295
0.18024,0.24053,0.3119,0.26733
0.25392,0.24066,0.25245,0.25297
0.25893,0.21563,0.25766,0.26779
0.25306,0.23736,0.2513,0.25827
0.23843,0.25862,0.25946,0.24349
0.27567,0.20186,0.2167,0.30576
0.26693,0.23708,0.24355,0.25244
0.27572,0.23065,0.24566,0.24797
0.23297,0.21452,0.25293,0.29958
0.26094,0.26094,0.21906,0.25906
0.24671,0.25632,0.26245,0.23451
0.28035,0.21263,0.24496,0.26206
0.23257,0.23867,0.27356,0.2552
0.22531,0.22913,0.28253,0.26303
0.23988,0.24998,0.25833,0.25182
0.23276,0.24139,0.25403,0.27183
0.22678,0.19352,0.28574,0.29396
0.23528,0.25002,0.26121,0.25348
0.271,0.2227,0.27585,0.23044
0.26485,0.15626,0.28945,0.28945
0.24915,0.23395,0.27026,0.24663
0.22347,0.23077,0.26895,0.27681
0.29084,0.22298,0.24791,0.23826
0.23965,0.23965,0.28335,0.23735
0.21873,0.25029,0.24921,0.28177
0.28379,0.22115,0.26404,0.23103
0.24792,0.24048,0.25513,0.25647
0.26006,0.25445,0.19785,0.28765
0.2465,0.25429,0.25893,0.24028
0.23774,0.17655,0.27553,0.31018
0.2408,0.19834,0.3007,0.26016
0.28204,0.2693,0.2189,0.22976
0.27874,0.28352,0.23071,0.20704
0.25985,0.28043,0.24887,0.21084
0.24434,0.22988,0.26931,0.25647
0.277,0.21529,0.26595,0.24177
0.29001,0.21919,0.25312,0.23769
0.31304,0.31163,0.15988,0.21545
0.25971,0.26709,0.23752,0.23568
0.232,0.23539,0.26758,0.26503
0.25488,0.26853,0.24229,0.2343
0.20962,0.23553,0.32796,0.22689
0.26765,0.209,0.27432,0.24903
0.24676,0.23265,0.26582,0.25477
0.25587,0.28703,0.23802,0.21908
0.28733,0.25787,0.24803,0.20677
0.23392,0.21099,0.28268,0.27241
0.28773,0.26185,0.23887,0.21154
0.27958,0.21308,0.26748,0.23986
0.2812,0.25658,0.22787,0.23435
0.2762,0.23984,0.23146,0.2525
0.24139,0.25533,0.26951,0.23377
0.29459,0.29407,0.21924,0.19211
0.26116,0.30123,0.20172,0.23589
0.26561,0.26904,0.21976,0.24559
0.23908,0.22656,0.28168,0.25268
0.25942,0.23588,0.23588,0.26882
0.29911,0.23323,0.23764,0.23002
0.29218,0.21107,0.25917,0.23757
0.28525,0.28096,0.22779,0.20599
0.29162,0.21145,0.25375,0.24318
0.25607,0.27248,0.24349,0.22795
0.29254,0.21099,0.24365,0.25282
0.2762,0.2762,0.26216,0.18543
0.25002,0.26057,0.23861,0.2508
0.23065,0.26188,0.25448,0.25299
0.27407,0.24482,0.23985,0.24126
0.27241,0.22321,0.25363,0.25075
0.29107,0.24908,0.24289,0.21696
0.24682,0.2387,0.24682,0.26767
0.22009,0.24156,0.27071,0.26764
0.25531,0.26645,0.27387,0.20437
0.2201,0.27887,0.26299,0.23805
0.30241,0.22716,0.24704,0.22339
0.23209,0.23561,0.26439,0.26792
0.25362,0.24786,0.28536,0.21315
0.21347,0.27604,0.27084,0.23966
0.23323,0.264,0.24753,0.25524
0.29428,0.2844,0.22452,0.1968
0.28749,0.26429,0.23664,0.21158
0.26165,0.26165,0.257,0.21969
0.23499,0.29587,0.25415,0.21499
0.25201,0.2826,0.24136,0.22404
0.26803,0.27031,0.23834,0.22332
0.18764,0.19441,0.28937,0.32858
0.25493,0.25493,0.23927,0.25088
0.25,0.2637,0.23992,0.24638
0.19496,0.30398,0.21877,0.2823
0.22269,0.22674,0.26458,0.28599
0.26384,0.23526,0.2577,0.24319
0.28851,0.2677,0.20657,0.23721
0.2673,0.26987,0.24938,0.21346
0.12851,0.29944,0.28395,0.2881
0.23229,0.25592,0.26114,0.25065
0.27321,0.20692,0.27321,0.24665
0.27171,0.23084,0.26036,0.23709
0.27187,0.28703,0.23259,0.20851
0.28806,0.23589,0.27067,0.20538
0.23615,0.26321,0.24646,0.25418
0.23626,0.24555,0.25412,0.26408
0.21186,0.27958,0.23411,0.27445
0.16778,0.28932,0.25935,0.28354
0.26236,0.21124,0.26066,0.26574
0.26171,0.26171,0.24877,0.2278
0.27494,0.18889,0.27646,0.25972
0.25524,0.15802,0.29601,0.29073
0.24014,0.25352,0.2716,0.23475
0.28533,0.25988,0.22015,0.23464
0.22654,0.20681,0.28859,0.27805
0.23535,0.26046,0.2473,0.25689
0.23378,0.20337,0.27616,0.2867
0.24943,0.26226,0.24491,0.2434
0.21512,0.31687,0.23401,0.23401
0.27856,0.18846,0.25062,0.28236
0.27284,0.18375,0.27208,0.27132
0.23556,0.25138,0.26641,0.24665
0.2514,0.26526,0.21112,0.27221
0.27125,0.19399,0.2648,0.26997
0.26784,0.22303,0.26784,0.24129
0.24232,0.26076,0.23839,0.25853
0.28523,0.2451,0.24803,0.22164
0.27179,0.20983,0.27547,0.2429
0.24579,0.21994,0.275,0.25927
0.23806,0.23499,0.26824,0.25871
0.20802,0.25949,0.2198,0.31269
0.27008,0.25336,0.23277,0.24379
0.28207,0.17865,0.25722,0.28207
0.23499,0.24952,0.23832,0.27718
0.25028,0.28447,0.25028,0.21498
0.21941,0.29033,0.24059,0.24967
0.23038,0.25483,0.25279,0.262
0.22078,0.27479,0.25783,0.2466
0.23549,0.24478,0.25075,0.26899
0.17911,0.26265,0.2599,0.29833
0.19484,0.21104,0.27863,0.31548
0.27376,0.30081,0.21806,0.20737
0.28811,0.27411,0.236,0.20178
0.23825,0.25173,0.25271,0.25731
0.24091,0.28331,0.22641,0.24938
0.21187,0.33291,0.21607,0.23914
0.18445,0.21958,0.30679,0.28918
0.27979,0.27925,0.23022,0.21073
0.26796,0.23791,0.27329,0.22084
0.24775,0.23272,0.26256,0.25697
0.26225,0.1974,0.25538,0.28498
0.27068,0.22406,0.2489,0.25637
0.24978,0.24888,0.24529,0.25605
0.27248,0.27517,0.18925,0.26309
0.23717,0.27527,0.25739,0.23017
0.22109,0.22453,0.25848,0.29589
0.23202,0.2044,0.25196,0.31162
0.20639,0.28132,0.26343,0.24885
0.25325,0.28055,0.23411,0.23209
0.2388,0.26739,0.20489,0.28892
0.21015,0.24597,0.26985,0.27403
0.2692,0.27146,0.24019,0.21916
0.27163,0.2596,0.2256,0.24317
0.27176,0.37402,0.22735,0.12687
0.30846,0.25711,0.21411,0.22033
0.26677,0.26677,0.23953,0.22693
0.2517,0.28575,0.2303,0.23225
0.26706,0.22956,0.25631,0.24707
0.27622,0.24958,0.22463,0.24958
0.24635,0.23847,0.25229,0.26289
0.29273,0.22263,0.26855,0.21609
0.25777,0.28452,0.23714,0.22057
0.23809,0.27837,0.23517,0.24837
0.27097,0.27688,0.23261,0.21954
0.26605,0.19854,0.25672,0.27869
0.23491,0.24814,0.26137,0.25558
0.24219,0.26228,0.24776,0.24776
0.25707,0.25212,0.24645,0.24436
0.16243,0.31157,0.26408,0.26193
0.27494,0.28592,0.22205,0.21709
0.2621,0.20496,0.26406,0.26887
0.18492,0.27877,0.26816,0.26816
0.25098,0.25917,0.24334,0.24651
0.24681,0.2571,0.22104,0.27506
0.28115,0.25472,0.23709,0.22704
0.26306,0.24574,0.23955,0.25165
0.25008,0.28542,0.22672,0.23778
0.26275,0.29503,0.12945,0.31277
0.23077,0.24846,0.22362,0.29714
0.27842,0.2745,0.23678,0.2103
0.26515,0.25632,0.24243,0.23609
0.29159,0.22694,0.25454,0.22694
0.2544,0.22881,0.27821,0.23858
0.25848,0.24405,0.24916,0.2483
0.27818,0.20298,0.25364,0.2652
0.24894,0.26548,0.25398,0.23161
0.27064,0.23368,0.2431,0.25258
0.20441,0.23955,0.26479,0.29125
0.26852,0.2319,0.24326,0.25632
0.28055,0.28214,0.2335,0.20382
0.24832,0.25707,0.22198,0.27263
0.24839,0.27246,0.24465,0.23451
0.29227,0.21594,0.25631,0.23547
0.28675,0.26289,0.24028,0.21008
0.2969,0.22765,0.23194,0.24351
0.24317,0.25441,0.26692,0.2355
0.26314,0.22596,0.25416,0.25675
0.25246,0.25246,0.25076,0.24431
0.21947,0.25399,0.29107,0.23548
0.25557,0.26178,0.24813,0.23452
0.22807,0.28883,0.24701,0.23608
0.21976,0.18506,0.27417,0.32101
0.24883,0.21677,0.27059,0.26381
0.2258,0.25039,0.23389,0.28992
0.24671,0.25384,0.23191,0.26754
0.22451,0.24923,0.27137,0.25489
0.28559,0.22266,0.24986,0.24189
0.23595,0.30745,0.2283,0.2283
0.25489,0.27851,0.20766,0.25894
0.26804,0.19077,0.28125,0.25993
0.26956,0.21944,0.26106,0.24994
0.24471,0.2696,0.2621,0.22359
0.22909,0.25289,0.25697,0.26105
0.30086,0.28882,0.20152,0.2088
0.2486,0.21609,0.29196,0.24334
0.24116,0.2318,0.27296,0.25409
0.25107,0.25815,0.25037,0.24041
0.2146,0.20566,0.29056,0.28918
0.24287,0.26914,0.24888,0.23911
0.2616,0.28219,0.24333,0.21288
0.20715,0.255,0.26756,0.27029
0.29247,0.24717,0.2447,0.21565
0.27939,0.2211,0.25369,0.24582
0.24055,0.27676,0.17303,0.30966
0.21947,0.22581,0.28516,0.26956
0.25898,0.28494,0.24247,0.21361
0.24314,0.29893,0.23959,0.21834
0.25236,0.23816,0.24823,0.26125
0.25357,0.24405,0.24881,0.25357
0.24871,0.25043,0.25468,0.24618
0.28925,0.28047,0.18513,0.24516
0.2883,0.32647,0.20852,0.17671
0.25573,0.23059,0.27374,0.23993
0.27274,0.26413,0.22099,0.24213
0.23559,0.21904,0.26567,0.27971
0.25345,0.27605,0.2284,0.2421
0.2793,0.24344,0.27553,0.20173
0.25552,0.23039,0.26565,0.24844
0.28992,0.19096,0.27526,0.24385
0.22687,0.23217,0.27048,0.27048
0.2633,0.22018,0.25688,0.25964
0.23521,0.21956,0.29314,0.25209
0.26537,0.2249,0.28795,0.22178
0.29363,0.23818,0.243,0.22519
0.28124,0.25621,0.24176,0.22078
0.2555,0.26605,0.26892,0.20954
0.23925,0.30514,0.25953,0.19608
0.2474,0.291,0.23945,0.22215
0.21069,0.22223,0.30473,0.26235
0.24327,0.19417,0.27799,0.28458
0.23415,0.25563,0.2483,0.26192
0.21133,0.26777,0.22242,0.29848
0.3087,0.26851,0.22906,0.19373
0.31925,0.20579,0.24967,0.22528
0.28183,0.19344,0.27114,0.25359
0.2446,0.27708,0.24062,0.2377
0.29595,0.22432,0.23077,0.24896
0.29112,0.26419,0.23908,0.20561
0.25219,0.2561,0.24342,0.24829
0.25206,0.28676,0.22162,0.23956
0.26375,0.26375,0.21098,0.26153
0.24667,0.21936,0.25324,0.28073
0.26403,0.13578,0.27282,0.32737
0.24525,0.27892,0.22531,0.25052
0.24976,0.25609,0.23315,0.261
0.24292,0.28711,0.24636,0.22361
0.29266,0.26198,0.24294,0.20242
0.25276,0.2519,0.25022,0.24512
0.27906,0.25808,0.25331,0.20955
0.29052,0.2317,0.23889,0.23889
0.25185,0.30955,0.22231,0.2163
0.27009,0.20985,0.26506,0.25501
0.27129,0.23945,0.23531,0.25396
0.25367,0.1783,0.26849,0.29953
0.24647,0.16206,0.27992,0.31155
0.30872,0.26577,0.21494,0.21058
0.27418,0.28185,0.21646,0.22751
0.27115,0.25502,0.25367,0.22016
0.29779,0.25209,0.22326,0.22686
0.25217,0.25637,0.24863,0.24283
0.26186,0.23499,0.24761,0.25555
0.30304,0.21523,0.25147,0.23026
0.28873,0.27479,0.23736,0.19912
0.23915,0.26145,0.23085,0.26856
0.25019,0.25894,0.26374,0.22713
0.31347,0.17744,0.2759,0.2332
0.31643,0.19421,0.27559,0.21377
0.20481,0.25032,0.25032,0.29454
0.26245,0.21801,0.25977,0.25977
0.23358,0.22866,0.25735,0.2804
0.2463,0.29186,0.22466,0.23719
0.27459,0.17973,0.26513,0.28054
0.31512,0.18501,0.28598,0.2139
0.24273,0.2372,0.29494,0.22514
0.23055,0.27069,0.24611,0.25264
0.27359,0.26808,0.2464,0.21193
0.19504,0.25843,0.28424,0.2623
0.27019,0.21293,0.28271,0.23417
0.26306,0.22798,0.25261,0.25635
0.2596,0.3084,0.21534,0.21667
0.26008,0.306,0.21696,0.21696
0.28305,0.23517,0.28305,0.19873
0.26242,0.27411,0.25068,0.21278
0.25086,0.33206,0.20333,0.21375
0.27336,0.22409,0.24457,0.25798
0.31781,0.24112,0.22853,0.21255
0.27949,0.23244,0.25063,0.23744
0.29187,0.26831,0.23473,0.20509
0.2824,0.27874,0.21943,0.21943
0.27961,0.23528,0.22863,0.25648
0.23672,0.26971,0.25443,0.23914
0.24563,0.21956,0.2621,0.27272
0.26322,0.26322,0.24105,0.23251
0.22805,0.26683,0.26181,0.2433
0.22734,0.2472,0.27382,0.25164
0.23108,0.25483,0.27884,0.23525
0.24022,0.22281,0.29676,0.24022
0.29121,0.28944,0.21941,0.19995
0.23478,0.26148,0.24439,0.25935
0.24554,0.23324,0.27363,0.24759
0.2397,0.1756,0.3143,0.2704
0.23722,0.21025,0.27028,0.28226
0.28523,0.21696,0.24203,0.25577
0.25419,0.31414,0.22402,0.20764
0.26642,0.2174,0.26642,0.24976
0.25382,0.23282,0.21762,0.29573
0.25738,0.266,0.2549,0.22172
0.27077,0.24451,0.24619,0.23854
0.27639,0.22189,0.24342,0.25829
0.27424,0.22984,0.26386,0.23205
0.31515,0.21635,0.24725,0.22125
0.28277,0.24174,0.23604,0.23945
0.27717,0.19776,0.27299,0.25208
0.23192,0.25377,0.28239,0.23192
0.24288,0.23038,0.26962,0.25712
0.2678,0.28612,0.22722,0.21887
0.27124,0.27385,0.20454,0.25038
0.25288,0.23692,0.26709,0.24311
0.23207,0.29331,0.26079,0.21384
0.23541,0.23541,0.26936,0.25982
0.27773,0.19019,0.25434,0.27773
0.25972,0.23886,0.25972,0.24171
0.18946,0.32984,0.2343,0.2464
0.30249,0.22582,0.22868,0.24301
0.26382,0.24501,0.23006,0.26112
0.25539,0.22479,0.26804,0.25178
0.27233,0.22221,0.2554,0.25007
0.26226,0.25704,0.23523,0.24547
0.27462,0.20906,0.25816,0.25816
0.28659,0.16476,0.29706,0.2516
0.21293,0.19033,0.33491,0.26183
0.25504,0.19727,0.28486,0.26282
0.27413,0.27654,0.23362,0.21572
0.26416,0.22746,0.26835,0.24003
0.2935,0.24163,0.24715,0.21772
0.25648,0.21758,0.25748,0.26845
0.2668,0.26453,0.24417,0.22449
0.28546,0.24339,0.2318,0.23936
0.30237,0.22432,0.25342,0.21988
0.24592,0.2392,0.2392,0.27569
0.27843,0.24166,0.24606,0.23385
0.24943,0.22578,0.24827,0.27652
0.23997,0.30205,0.20943,0.24855
0.25072,0.25728,0.25728,0.23472
0.2848,0.31839,0.19734,0.19947
0.28195,0.25174,0.24431,0.222
0.31142,0.29428,0.2108,0.1835
0.27746,0.27477,0.23708,0.21069
0.26505,0.22418,0.27108,0.2397
0.20991,0.23969,0.29485,0.25555
0.24987,0.24056,0.25231,0.25727
0.25129,0.28283,0.24059,0.22529
0.26732,0.22781,0.26082,0.24405
0.29278,0.18655,0.25746,0.2632
0.23365,0.26988,0.2476,0.24887
0.28946,0.17777,0.27449,0.25828
0.22417,0.24509,0.27419,0.25655
0.25453,0.21832,0.26358,0.26358
0.27189,0.27564,0.23827,0.2142
0.2608,0.2301,0.2427,0.2664
0.24366,0.26351,0.25314,0.23969
0.25071,0.245,0.25071,0.25357
0.29763,0.21952,0.24429,0.23856
0.26858,0.27918,0.23725,0.21499
0.24676,0.25914,0.26532,0.22878
0.21924,0.2433,0.28586,0.2516
0.25023,0.28108,0.22562,0.24307
0.24744,0.24744,0.28351,0.22161
0.21373,0.29048,0.23997,0.25581
0.28953,0.22365,0.25331,0.23351
0.28808,0.21229,0.26316,0.23648
0.23347,0.29284,0.25467,0.21903
0.22552,0.2702,0.24131,0.26297
0.22704,0.18288,0.29894,0.29113
0.23169,0.24678,0.26508,0.25645
0.26983,0.26875,0.23897,0.22245
0.14391,0.29274,0.2706,0.29274
0.26936,0.2025,0.27571,0.25243
0.27294,0.21475,0.25616,0.25616
0.23901,0.21012,0.27956,0.2713
0.2368,0.25493,0.26827,0.24
0.19999,0.29038,0.23851,0.27112
0.26896,0.24436,0.25194,0.23474
0.28859,0.26309,0.23719,0.21114
0.25495,0.25495,0.24045,0.24965
0.24519,0.22449,0.26107,0.26926
0.22631,0.24413,0.23758,0.29199
0.24299,0.25358,0.24299,0.26043
0.22986,0.21853,0.26966,0.28195
0.26019,0.24951,0.25339,0.2369
0.23499,0.2413,0.26251,0.2612
0.248,0.25614,0.23079,0.26507
0.26398,0.29943,0.23154,0.20505
0.18394,0.32923,0.21875,0.26807
0.25168,0.2381,0.26437,0.24584
0.25727,0.22604,0.25082,0.26587
0.26477,0.24548,0.2491,0.24065
0.25807,0.24536,0.2439,0.25267
0.26278,0.3173,0.26488,0.15504
0.26774,0.23187,0.25382,0.24657
0.28495,0.27815,0.25307,0.18383
0.22448,0.27273,0.22678,0.27601
0.24067,0.22382,0.27151,0.26399
0.24164,0.28987,0.27688,0.19162
0.25664,0.28748,0.21869,0.23718
0.22636,0.2031,0.27585,0.29469
0.28626,0.2684,0.22713,0.21821
0.2557,0.28753,0.24506,0.21172
0.25863,0.25411,0.23772,0.24954
0.2922,0.22874,0.24316,0.2359
0.22622,0.24268,0.23506,0.29604
0.22309,0.28579,0.22309,0.26803
0.23008,0.28345,0.26139,0.22508
0.26853,0.29009,0.22301,0.21837
0.31099,0.23705,0.2186,0.23336
0.27021,0.25974,0.25678,0.21327
0.24283,0.30525,0.20653,0.24539
0.24651,0.26945,0.22296,0.26109
0.24597,0.24597,0.26063,0.24743
0.23723,0.26546,0.24866,0.24866
0.25975,0.26698,0.22436,0.24891
0.26345,0.25566,0.21569,0.2652
0.24447,0.23453,0.26725,0.25375
0.23401,0.20992,0.29741,0.25867
0.24216,0.19385,0.28887,0.27513
0.23492,0.25258,0.25625,0.25625
0.26112,0.25659,0.25582,0.22646
0.27873,0.2006,0.2676,0.25307
0.30583,0.3693,0.080068,0.2448
0.21908,0.27454,0.24798,0.25839
0.2522,0.28148,0.26193,0.2044
0.25858,0.26431,0.2529,0.22422
0.28359,0.22605,0.28483,0.20554
0.22754,0.2875,0.21834,0.26662
0.2516,0.25636,0.25636,0.23567
0.27468,0.20575,0.23275,0.28683
0.2851,0.19591,0.24633,0.27266
0.26606,0.31275,0.2359,0.18528
0.28515,0.24613,0.23191,0.23681
0.25707,0.20762,0.27407,0.26124
0.28145,0.18704,0.28145,0.25006
0.24115,0.21535,0.28062,0.26287
0.26991,0.26683,0.23825,0.225
0.29652,0.24102,0.24483,0.21763
0.25964,0.2195,0.26576,0.25509
0.24754,0.2453,0.24973,0.25743
0.2802,0.2802,0.22326,0.21635
0.21359,0.22889,0.27806,0.27946
0.2405,0.24835,0.24835,0.2628
0.23823,0.26213,0.26357,0.23607
0.27811,0.2582,0.22403,0.23965
0.25055,0.23739,0.25712,0.25493
0.24736,0.26689,0.23259,0.25317
0.2275,0.21403,0.31138,0.24708
0.26847,0.23153,0.25814,0.24186
0.22495,0.28271,0.24617,0.24617
0.25382,0.21536,0.21925,0.31157
0.25116,0.26098,0.25633,0.23152
0.25569,0.27605,0.25767,0.21059
0.25099,0.2652,0.22431,0.2595
0.2196,0.19746,0.26998,0.31295
0.22818,0.26184,0.25445,0.25553
0.27154,0.26609,0.26118,0.2012
0.19207,0.2815,0.24493,0.2815
0.28261,0.29521,0.22303,0.19916
0.22837,0.26609,0.26516,0.24037
0.25552,0.2603,0.24111,0.24306
0.2738,0.24584,0.24411,0.23624
0.25854,0.26209,0.23791,0.24146
0.24939,0.22627,0.28745,0.23688
0.30196,0.20921,0.23758,0.25125
0.31802,0.15505,0.26572,0.26122
0.29381,0.21894,0.22178,0.26547
0.21713,0.28809,0.224,0.27077
0.24019,0.23632,0.30896,0.21453
0.22138,0.2624,0.25913,0.25709
0.30608,0.22359,0.21153,0.25881
0.27649,0.20213,0.27649,0.24489
