0.19022,0.17327,0.17639,0.15934,0.20743,0.093359
0.12923,0.22057,0.22882,0.15416,0.17985,0.087373
0.19057,0.16752,0.1383,0.16875,0.1245,0.21036
0.1978,0.18345,0.16812,0.17104,0.15598,0.12362
0.16666,0.17025,0.17179,0.17793,0.15797,0.15541
0.17898,0.16054,0.1852,0.17509,0.15483,0.14536
0.18917,0.1646,0.19079,0.16506,0.16181,0.12857
0.16489,0.18567,0.17106,0.1778,0.17611,0.12447
0.19045,0.1806,0.16565,0.16622,0.14999,0.1471
0.15851,0.16393,0.22118,0.15714,0.19752,0.10172
0.1384,0.15434,0.1698,0.17814,0.1789,0.18042
0.17756,0.1688,0.18625,0.14247,0.21151,0.11341
0.10145,0.16281,0.17027,0.1767,0.18927,0.19948
0.21618,0.18678,0.16111,0.15264,0.155,0.12829
0.12899,0.13161,0.1838,0.18629,0.23605,0.13325
0.17034,0.16857,0.14913,0.15888,0.18719,0.1659
0.10806,0.17465,0.17318,0.11915,0.22936,0.19558
0.19071,0.15956,0.1542,0.16278,0.15348,0.17926
0.16665,0.1716,0.19179,0.1716,0.16221,0.13615
0.17658,0.16464,0.15848,0.16643,0.19289,0.14097
0.16946,0.18131,0.1787,0.1742,0.17206,0.12428
0.16417,0.18022,0.20716,0.15103,0.19845,0.098963
0.15782,0.16715,0.17216,0.16213,0.18077,0.15997
0.18043,0.16978,0.17886,0.15313,0.1823,0.1355
0.14897,0.17238,0.1849,0.18826,0.19575,0.10975
0.11,0.16833,0.15762,0.15984,0.2021,0.2021
0.1971,0.16825,0.16006,0.16352,0.15704,0.15403
0.14085,0.17604,0.17901,0.16551,0.19019,0.1484
0.17501,0.17075,0.16944,0.1652,0.15799,0.16161
0.13898,0.16454,0.17857,0.14776,0.20093,0.16922
0.16472,0.13912,0.17772,0.16039,0.16127,0.19678
0.21072,0.1446,0.15079,0.18495,0.19108,0.11786
0.16463,0.15245,0.15651,0.15975,0.23451,0.13216
0.17754,0.15714,0.21716,0.20141,0.1637,0.083045
0.14286,0.13841,0.17524,0.15417,0.21166,0.17767
0.17857,0.17308,0.14229,0.16209,0.17747,0.16648
0.18127,0.14216,0.12194,0.18683,0.17053,0.19725
0.17723,0.15404,0.10759,0.17542,0.18016,0.20557
0.18798,0.16245,0.16672,0.19457,0.2419,0.046377
0.16786,0.17656,0.19263,0.15402,0.20804,0.10089
0.1546,0.18245,0.17779,0.16257,0.19583,0.12676
0.14741,0.15638,0.227,0.1588,0.17144,0.13898
0.21198,0.15986,0.16277,0.15804,0.1762,0.13116
0.11611,0.16259,0.20445,0.15852,0.1847,0.17363
0.1844,0.15681,0.20788,0.14129,0.20157,0.10805
0.12837,0.15341,0.15515,0.15933,0.21485,0.1889
0.16951,0.16154,0.16154,0.1678,0.17579,0.16383
0.15189,0.142,0.17745,0.20091,0.142,0.18574
0.14944,0.16742,0.17891,0.15741,0.17491,0.1719
0.14393,0.18719,0.22274,0.1505,0.17931,0.11633
0.15868,0.17774,0.1748,0.16506,0.15478,0.16894
0.14634,0.19195,0.17457,0.15213,0.17264,0.16236
0.1434,0.16474,0.14115,0.16099,0.16249,0.22723
0.14357,0.11812,0.13179,0.16674,0.19359,0.24619
0.19183,0.20458,0.16475,0.15897,0.12562,0.15425
0.17927,0.19637,0.19527,0.15516,0.14909,0.12484
0.14802,0.15678,0.1875,0.174,0.17241,0.16129
0.16735,0.16757,0.16567,0.16567,0.17711,0.15663
0.17777,0.19009,0.15706,0.15314,0.1621,0.15984
0.1111,0.16731,0.15704,0.18646,0.19084,0.18725
0.18449,0.17053,0.14731,0.17388,0.11405,0.20974
0.16866,0.18061,0.15353,0.151,0.13847,0.20773
0.15987,0.13851,0.19672,0.17572,0.17016,0.15903
0.16888,0.16844,0.17742,0.15278,0.18145,0.15103
0.20003,0.175,0.145,0.15862,0.16681,0.15454
0.17728,0.18948,0.14602,0.14188,0.13147,0.21387
0.10589,0.19413,0.1746,0.17302,0.20349,0.14887
0.17602,0.18856,0.13071,0.15103,0.15573,0.19796
0.18314,0.17038,0.19451,0.16095,0.11997,0.17104
0.15818,0.18161,0.17955,0.17816,0.13196,0.17055
0.19268,0.16298,0.12554,0.18844,0.18928,0.14107
0.17664,0.17829,0.16248,0.17228,0.16303,0.14727
0.1639,0.15696,0.16275,0.17538,0.16678,0.17424
0.11355,0.15945,0.17855,0.17681,0.19076,0.18087
0.17182,0.11936,0.14633,0.17286,0.16865,0.22098
0.18999,0.16983,0.19582,0.17638,0.18465,0.083333
0.21964,0.19531,0.17054,0.16155,0.13764,0.11532
0.15845,0.14072,0.18755,0.16286,0.19767,0.15275
0.12713,0.13182,0.17037,0.18868,0.23484,0.14716
0.18143,0.14712,0.18486,0.17953,0.17616,0.1309
0.11759,0.12793,0.18357,0.20505,0.19471,0.17115
0.17574,0.1617,0.1657,0.15767,0.20193,0.13726
0.16474,0.17961,0.20094,0.13004,0.22218,0.10248
0.15646,0.096315,0.15837,0.1876,0.13971,0.26153
0.12496,0.19307,0.20213,0.15632,0.20488,0.11864
0.15557,0.17707,0.14215,0.1469,0.17773,0.20059
0.17687,0.17687,0.13643,0.14825,0.13461,0.22698
0.16097,0.13401,0.14198,0.16324,0.16514,0.23465
0.13617,0.18714,0.12295,0.17167,0.14774,0.23433
0.15684,0.18244,0.18139,0.16653,0.20129,0.11151
0.20398,0.18247,0.15547,0.17655,0.12773,0.1538
0.20844,0.19923,0.19811,0.16532,0.12356,0.10534
0.1772,0.19011,0.16435,0.14547,0.1991,0.12377
0.18946,0.18325,0.19723,0.16573,0.12165,0.14269
0.14412,0.17539,0.20658,0.15531,0.20362,0.11497
0.19567,0.1864,0.16236,0.16405,0.1707,0.12082
0.20281,0.17594,0.13759,0.16219,0.14336,0.1781
0.15787,0.15474,0.17342,0.20199,0.17094,0.14105
0.17112,0.14615,0.128,0.17307,0.17049,0.21117
0.17944,0.15277,0.11931,0.1737,0.16122,0.21355
0.14175,0.1431,0.20707,0.17749,0.19357,0.13703
0.12659,0.137,0.21537,0.18988,0.19509,0.13607
0.16304,0.1637,0.21253,0.18943,0.13072,0.14058
0.19768,0.17079,0.14909,0.145,0.15789,0.17955
0.1981,0.17645,0.15247,0.14214,0.17179,0.15906
0.17303,0.10284,0.16198,0.1799,0.19094,0.19131
0.099744,0.16332,0.15893,0.19773,0.13957,0.2407
0.19418,0.15594,0.1486,0.1486,0.16999,0.18269
0.18514,0.17228,0.17284,0.16835,0.15546,0.14594
0.18852,0.1778,0.16776,0.17726,0.146,0.14266
0.17759,0.16221,0.16413,0.18893,0.17046,0.13668
0.18987,0.18649,0.12329,0.16453,0.14989,0.18592
0.15011,0.17743,0.18969,0.16162,0.17283,0.14832
0.21259,0.18826,0.14123,0.1611,0.11852,0.17831
0.16876,0.17305,0.17019,0.16375,0.15085,0.17341
0.16381,0.10823,0.11994,0.16857,0.20009,0.23936
0.17254,0.15688,0.18878,0.16639,0.16695,0.14847
0.1603,0.17512,0.18605,0.13399,0.21346,0.13109
0.17095,0.17795,0.17534,0.19029,0.16125,0.12422
0.15765,0.18335,0.16863,0.17139,0.16133,0.15765
0.12709,0.19973,0.22039,0.18729,0.11244,0.15305
0.17146,0.18229,0.1875,0.17551,0.15403,0.12922
0.19456,0.19025,0.16081,0.15647,0.15012,0.1478
0.1812,0.16879,0.14692,0.15765,0.20886,0.13658
0.14057,0.15204,0.1706,0.18844,0.1763,0.17204
0.16908,0.1738,0.15027,0.16268,0.1597,0.18447
0.20862,0.17936,0.18137,0.1635,0.13706,0.13008
0.16032,0.18514,0.147,0.18151,0.19965,0.12637
0.17492,0.15028,0.14836,0.18614,0.16343,0.17687
0.14168,0.13893,0.16463,0.17531,0.23624,0.14321
0.19586,0.17764,0.15386,0.17922,0.12212,0.1713
0.1385,0.16352,0.19483,0.17684,0.21292,0.11339
0.20241,0.17882,0.15587,0.16014,0.14049,0.16227
0.17723,0.18917,0.17551,0.16021,0.16232,0.13556
0.14468,0.11346,0.13669,0.16867,0.20085,0.23565
0.18457,0.19736,0.164,0.16079,0.1415,0.15178
0.15967,0.17987,0.11844,0.15828,0.18839,0.19535
0.17305,0.15534,0.16686,0.16243,0.15213,0.19019
0.20669,0.20728,0.14753,0.14617,0.10557,0.18676
0.1367,0.18847,0.16554,0.14036,0.20191,0.16702
0.13635,0.13727,0.16432,0.20153,0.18841,0.17212
0.13475,0.13475,0.17081,0.19987,0.18729,0.17254
0.21666,0.21399,0.16437,0.14381,0.10107,0.16011
0.10754,0.18833,0.15918,0.17174,0.1987,0.1745
0.17407,0.20337,0.1754,0.16348,0.1436,0.14009
0.1254,0.14067,0.15009,0.17712,0.17608,0.23065
0.16573,0.16392,0.15198,0.1665,0.1929,0.15898
0.17086,0.18021,0.20222,0.15894,0.14451,0.14325
0.18824,0.16675,0.1998,0.17643,0.1377,0.13108
0.15441,0.14573,0.17234,0.18798,0.19494,0.14459
0.18785,0.19369,0.1547,0.16349,0.15829,0.14198
0.19344,0.13494,0.1091,0.18041,0.16832,0.21379
0.14687,0.17764,0.16158,0.14687,0.17705,0.18999
0.16356,0.18416,0.14373,0.1466,0.16569,0.19625
0.16935,0.12653,0.13957,0.18575,0.18392,0.19488
0.17919,0.19716,0.12073,0.17413,0.13811,0.19068
0.15498,0.19674,0.16836,0.16995,0.16127,0.14869
0.22091,0.21529,0.15927,0.1559,0.1215,0.12713
0.18445,0.17089,0.15241,0.16664,0.14473,0.18088
0.14982,0.17646,0.15731,0.14982,0.18773,0.17887
0.19923,0.19524,0.10848,0.15292,0.15493,0.18919
0.15634,0.18377,0.17747,0.17116,0.17747,0.1338
0.21626,0.20105,0.17716,0.15985,0.12886,0.11682
0.16026,0.22711,0.12711,0.19209,0.13382,0.15962
0.17712,0.16367,0.16546,0.17801,0.14221,0.17352
0.1678,0.18399,0.19217,0.11282,0.21133,0.1319
0.12157,0.15968,0.17226,0.19474,0.17035,0.1814
0.11402,0.12144,0.14373,0.18852,0.17492,0.25737
0.18404,0.17668,0.15894,0.15635,0.16242,0.16157
0.18146,0.18533,0.15832,0.13689,0.11966,0.21834
0.12187,0.2068,0.18431,0.1609,0.1609,0.16523
0.1168,0.16695,0.14872,0.18084,0.16861,0.21808
0.16223,0.17703,0.16002,0.15704,0.15557,0.18811
0.12284,0.15364,0.11458,0.15853,0.17731,0.2731
0.17453,0.19486,0.13546,0.16299,0.17096,0.1612
0.1206,0.2065,0.11385,0.15083,0.18503,0.22319
0.13801,0.18409,0.14193,0.15142,0.20341,0.18114
0.2204,0.19903,0.17395,0.16048,0.12195,0.1242
0.18354,0.18011,0.18305,0.15574,0.15684,0.14074
0.14859,0.15883,0.14673,0.16602,0.14364,0.23619
0.19895,0.1818,0.14798,0.16092,0.15157,0.15878
0.15889,0.1488,0.17142,0.17142,0.1931,0.15637
0.15982,0.12597,0.14237,0.17804,0.15808,0.23572
0.15157,0.16347,0.20232,0.16943,0.19323,0.11998
0.16639,0.18593,0.15938,0.1399,0.15234,0.19607
0.15696,0.17332,0.15477,0.16987,0.18621,0.15887
0.14754,0.17779,0.12255,0.16191,0.21909,0.17113
0.11501,0.1105,0.14207,0.17214,0.19833,0.26196
0.14996,0.095497,0.13653,0.17527,0.18179,0.26095
0.14517,0.17176,0.15408,0.17371,0.16101,0.19428
0.15652,0.18569,0.13678,0.13678,0.22183,0.16239
0.15158,0.16616,0.1808,0.17085,0.18255,0.14807
0.18816,0.16349,0.16987,0.1703,0.17115,0.13702
0.16517,0.15001,0.19535,0.17126,0.19465,0.12355
0.17636,0.2198,0.15129,0.1248,0.18273,0.14503
0.18485,0.18076,0.15552,0.16782,0.18142,0.12964
0.16877,0.18229,0.19078,0.15693,0.11354,0.18769
0.15992,0.15702,0.17644,0.17398,0.1719,0.16073
0.15375,0.15504,0.16287,0.17966,0.13546,0.21323
0.14988,0.1805,0.1971,0.1552,0.21291,0.10441
0.15246,0.20237,0.19743,0.14393,0.18589,0.11791
0.12133,0.17379,0.19691,0.17379,0.19133,0.14286
0.19701,0.18671,0.18249,0.16949,0.14071,0.12359
0.17738,0.14734,0.15278,0.15892,0.17126,0.19233
0.17602,0.17653,0.17678,0.18189,0.16036,0.12842
0.18034,0.19491,0.19061,0.17365,0.12877,0.13171
0.17252,0.1838,0.15916,0.17042,0.13875,0.17535
0.16316,0.19123,0.20577,0.15616,0.13261,0.15106
0.16461,0.17463,0.17073,0.1797,0.1797,0.13063
0.1705,0.16147,0.16056,0.18808,0.14125,0.17814
0.093125,0.16819,0.17849,0.19376,0.17179,0.19465
0.13955,0.16108,0.16723,0.1894,0.16331,0.17943
0.17825,0.10866,0.14416,0.18589,0.16119,0.22186
0.16776,0.17782,0.16776,0.15333,0.18288,0.15044
0.13479,0.13803,0.16041,0.19134,0.18344,0.19199
0.18993,0.17981,0.16755,0.13118,0.16968,0.16184
0.1754,0.17947,0.16665,0.1457,0.15039,0.18239
0.11987,0.18678,0.18546,0.13608,0.20772,0.16409
0.13986,0.13679,0.14484,0.18913,0.21197,0.17741
0.15481,0.1669,0.15824,0.15481,0.18314,0.18211
0.17566,0.19089,0.15301,0.16586,0.16341,0.15117
0.14653,0.16893,0.17694,0.13322,0.24854,0.12584
0.16328,0.17169,0.16469,0.15769,0.17097,0.17169
0.18234,0.167,0.15718,0.14918,0.11587,0.22844
0.15974,0.17757,0.14789,0.1418,0.17757,0.19542
0.15969,0.15969,0.13319,0.1825,0.1447,0.22022
0.18882,0.17187,0.1686,0.14126,0.18817,0.14126
0.16613,0.17925,0.15723,0.15624,0.11701,0.22414
0.16538,0.17855,0.17933,0.16538,0.15683,0.15453
0.18693,0.19013,0.16056,0.14292,0.13974,0.17972
0.14786,0.18251,0.17096,0.19581,0.16295,0.13991
0.15504,0.17468,0.18483,0.18483,0.18214,0.11848
0.17488,0.16717,0.20383,0.16185,0.14702,0.14524
0.19882,0.17745,0.18554,0.15551,0.17055,0.11214
0.171,0.17934,0.16099,0.15821,0.23102,0.099436
0.1686,0.17906,0.15488,0.16275,0.20725,0.12745
0.1668,0.15387,0.14025,0.15387,0.18056,0.20465
0.18628,0.14142,0.18527,0.17458,0.1789,0.13355
0.17709,0.14759,0.14821,0.188,0.16626,0.17286
0.15498,0.13845,0.18769,0.20624,0.19942,0.11321
0.1737,0.11703,0.15632,0.15959,0.2087,0.18465
0.18873,0.16381,0.16332,0.17452,0.15457,0.15505
0.18798,0.17696,0.15526,0.16461,0.16929,0.1459
0.15918,0.18233,0.17653,0.14353,0.2094,0.12903
0.13204,0.1871,0.19419,0.14234,0.21775,0.12659
0.19126,0.14925,0.17304,0.1414,0.172,0.17304
0.11861,0.18582,0.12823,0.12609,0.25681,0.18443
0.1227,0.108,0.20236,0.20542,0.23491,0.12661
0.20579,0.19669,0.16299,0.15116,0.14198,0.14139
0.16566,0.16101,0.16356,0.1731,0.16612,0.17054
0.20287,0.20578,0.13908,0.13789,0.13263,0.18174
0.19087,0.16543,0.16261,0.15247,0.18237,0.14625
0.19501,0.19084,0.1402,0.15685,0.13597,0.18114
0.11671,0.15381,0.18857,0.1992,0.16534,0.17636
0.13863,0.16629,0.17559,0.16141,0.18411,0.17397
0.17275,0.15782,0.18762,0.16986,0.16986,0.14208
0.14052,0.18396,0.19598,0.13606,0.19785,0.14562
0.17867,0.16486,0.14191,0.15234,0.20702,0.15519
0.1705,0.16758,0.14535,0.1665,0.16686,0.1832
0.16472,0.18675,0.17562,0.13926,0.15453,0.17911
0.20135,0.20054,0.15984,0.14273,0.14918,0.14637
0.19035,0.18421,0.1535,0.17759,0.18642,0.10793
0.18784,0.17702,0.13092,0.14502,0.16994,0.18925
0.2039,0.17816,0.16308,0.16352,0.16884,0.1225
0.18152,0.17591,0.15739,0.1671,0.15276,0.16532
0.12786,0.19257,0.14626,0.16169,0.21736,0.15427
0.22148,0.18527,0.1874,0.17958,0.10355,0.12272
0.15773,0.18973,0.1538,0.12798,0.21695,0.1538
0.13745,0.16281,0.1443,0.15219,0.20737,0.19589
0.21382,0.16801,0.14217,0.14486,0.16898,0.16216
0.18398,0.17096,0.17096,0.19319,0.15406,0.12685
0.1199,0.16072,0.17152,0.18311,0.21716,0.1476
0.16468,0.13606,0.1465,0.17423,0.18138,0.19714
0.18331,0.14612,0.13719,0.17587,0.18412,0.1734
0.12953,0.13522,0.14596,0.17604,0.21051,0.20274
0.12575,0.16005,0.14862,0.18137,0.15635,0.22787
0.17102,0.16469,0.14963,0.15281,0.17894,0.18291
0.15728,0.16643,0.19781,0.20951,0.18134,0.08763
0.18616,0.16101,0.16623,0.1943,0.16994,0.12236
0.17223,0.152,0.14,0.16843,0.18493,0.1824
0.15065,0.17201,0.16665,0.16067,0.17268,0.17735
0.17735,0.19253,0.1973,0.178,0.11315,0.14167
0.1598,0.14788,0.19859,0.18417,0.16292,0.14664
0.16006,0.1639,0.19083,0.18661,0.16788,0.13072
0.16619,0.17071,0.20043,0.18854,0.18711,0.087019
0.15234,0.14146,0.20119,0.18855,0.15823,0.15823
0.16377,0.13981,0.18051,0.18924,0.13744,0.18924
0.16404,0.16552,0.18915,0.16454,0.18028,0.13646
0.17496,0.18886,0.16423,0.16269,0.17188,0.13739
0.16659,0.17522,0.1935,0.161,0.17063,0.13306
0.17925,0.18359,0.16622,0.16137,0.16258,0.14699
0.17509,0.18403,0.16681,0.16002,0.17735,0.13671
0.17169,0.16808,0.16672,0.17462,0.185,0.1339
0.20512,0.1874,0.20429,0.17952,0.10048,0.12318
0.14951,0.15289,0.20146,0.17656,0.20712,0.11246
0.16134,0.17448,0.19782,0.15146,0.16836,0.14654
0.16751,0.15988,0.19092,0.15466,0.19092,0.13612
0.19034,0.18154,0.1911,0.17626,0.15036,0.11038
0.14586,0.14533,0.21494,0.17977,0.21592,0.098188
0.13519,0.16262,0.1535,0.16807,0.20983,0.1708
0.13668,0.18668,0.12839,0.13668,0.1885,0.22307
0.1822,0.17673,0.14043,0.15603,0.15563,0.18897
0.1606,0.1576,0.15463,0.14259,0.18819,0.19639
0.16418,0.16418,0.10941,0.15356,0.18535,0.2233
0.16264,0.17662,0.1755,0.14155,0.14869,0.195
0.11817,0.14254,0.16888,0.19529,0.15135,0.22377
0.15378,0.19164,0.15672,0.15201,0.21625,0.1296
0.20095,0.15743,0.13274,0.16084,0.17783,0.17021
0.18977,0.16797,0.17945,0.17991,0.16568,0.11722
0.19011,0.20982,0.13143,0.12665,0.14866,0.19335
0.12805,0.17077,0.15501,0.13865,0.23086,0.17666
0.14604,0.15078,0.20657,0.16185,0.13213,0.20262
0.13075,0.16852,0.16368,0.17741,0.19273,0.16692
0.15734,0.16216,0.11538,0.17321,0.19412,0.19779
0.14972,0.14972,0.23121,0.15071,0.16793,0.15071
0.19215,0.19893,0.1362,0.16183,0.14906,0.16183
0.18827,0.15919,0.13921,0.1891,0.15339,0.17084
0.17251,0.16662,0.16249,0.14493,0.17495,0.1785
0.17017,0.1776,0.15613,0.15697,0.18834,0.15078
0.15445,0.15044,0.15696,0.18156,0.18156,0.17504
0.16901,0.17627,0.17854,0.16629,0.14859,0.16131
0.14799,0.15573,0.25992,0.18234,0.12321,0.13081
0.1861,0.18359,0.14738,0.13502,0.20207,0.14584
0.17611,0.10843,0.147,0.17356,0.147,0.2479
0.14464,0.14632,0.15439,0.17773,0.19367,0.18325
0.14969,0.17733,0.13869,0.15917,0.18364,0.19148
0.15411,0.15147,0.17477,0.18348,0.17008,0.16609
0.19746,0.16834,0.14444,0.1836,0.14444,0.16171
0.21057,0.18435,0.12346,0.14821,0.15727,0.17613
0.15464,0.11579,0.1524,0.16958,0.16248,0.24511
0.16436,0.17541,0.17294,0.1705,0.19674,0.12004
0.19546,0.19236,0.13202,0.1403,0.12971,0.21015
0.15554,0.17116,0.1674,0.17763,0.14739,0.18088
0.18069,0.11949,0.1354,0.16905,0.16079,0.23458
0.14429,0.13226,0.14853,0.16904,0.17947,0.2264
0.15811,0.11119,0.15913,0.17933,0.16322,0.22901
0.16231,0.13759,0.12136,0.19584,0.11841,0.26449
0.17799,0.18003,0.18003,0.18003,0.16641,0.1155
0.17952,0.19206,0.17857,0.17668,0.11679,0.15639
0.17152,0.20891,0.10405,0.17152,0.13738,0.20663
0.16567,0.16898,0.167,0.17959,0.1617,0.15706
0.15707,0.15965,0.17913,0.19155,0.16479,0.14781
0.15698,0.19154,0.15828,0.15122,0.1319,0.21008
0.16836,0.17423,0.16889,0.16461,0.15769,0.16622
0.15768,0.17484,0.20614,0.18097,0.12023,0.16014
0.20005,0.18579,0.15998,0.14129,0.13689,0.17601
0.17352,0.18905,0.14331,0.14816,0.18905,0.15692
0.24026,0.19713,0.10669,0.14732,0.12993,0.17868
0.12616,0.15893,0.15758,0.17835,0.22274,0.15625
0.17485,0.1734,0.13301,0.19075,0.17485,0.15313
0.11208,0.19891,0.15596,0.15374,0.18619,0.19312
0.11674,0.12749,0.20964,0.17918,0.19791,0.16903
0.19115,0.19278,0.20623,0.17873,0.13334,0.097781
0.14187,0.1718,0.19551,0.1651,0.17717,0.14856
0.18062,0.18113,0.17056,0.15307,0.15307,0.16155
0.1808,0.14197,0.1628,0.18803,0.13071,0.19569
0.098104,0.12286,0.16641,0.17944,0.19052,0.24266
0.19061,0.17176,0.17367,0.17129,0.16652,0.12615
0.18124,0.19861,0.17115,0.1422,0.12483,0.18197
0.1449,0.16403,0.17388,0.1776,0.13738,0.20221
0.15544,0.16216,0.15544,0.16348,0.15678,0.20671
0.16442,0.14071,0.13707,0.16739,0.14599,0.24442
0.21196,0.17896,0.19052,0.1616,0.15435,0.10261
0.17806,0.14944,0.21108,0.17964,0.19005,0.091738
0.16342,0.17246,0.20032,0.18476,0.16472,0.11432
0.1891,0.20533,0.15001,0.1258,0.17974,0.15001
0.12713,0.1661,0.21695,0.15569,0.16154,0.1726
0.17987,0.15806,0.18038,0.17734,0.17506,0.1293
0.18084,0.18866,0.13629,0.153,0.13137,0.20984
0.096186,0.15563,0.16759,0.18639,0.20273,0.19147
0.093592,0.15901,0.2062,0.16961,0.1882,0.1834
0.15532,0.17148,0.17148,0.18214,0.16804,0.15153
0.15374,0.16094,0.17647,0.17106,0.17575,0.16204
0.2219,0.16625,0.15106,0.1715,0.15341,0.13588
0.17942,0.15894,0.17098,0.16917,0.16136,0.16014
0.13865,0.15532,0.18555,0.15951,0.16288,0.19808
0.16418,0.17538,0.1651,0.1721,0.16978,0.15346
0.15184,0.12116,0.14833,0.181,0.26789,0.12979
0.18967,0.16235,0.17576,0.17354,0.18426,0.11442
0.14899,0.15671,0.15773,0.15463,0.21242,0.16952
0.20879,0.17771,0.16911,0.16426,0.16911,0.11103
0.13208,0.1457,0.15262,0.17031,0.17531,0.22398
0.21658,0.11835,0.12529,0.15671,0.14936,0.23372
0.18065,0.15423,0.16165,0.18608,0.20389,0.11351
0.19579,0.16163,0.14949,0.15942,0.14949,0.18418
0.1839,0.18497,0.1606,0.17819,0.15947,0.13286
0.14808,0.1412,0.14481,0.1589,0.18964,0.21737
0.18061,0.12371,0.11498,0.17574,0.14518,0.25979
0.21541,0.16501,0.17917,0.16027,0.16765,0.11249
0.18256,0.16517,0.19946,0.16853,0.16138,0.1229
0.17621,0.17568,0.17011,0.16675,0.15563,0.15563
0.15727,0.16291,0.15604,0.15852,0.16104,0.20423
0.12949,0.15641,0.16015,0.17782,0.1946,0.18153
0.15762,0.19771,0.13787,0.14168,0.16919,0.19594
0.14653,0.17082,0.15747,0.16718,0.21446,0.14352
0.15288,0.19955,0.12527,0.16985,0.16668,0.18578
0.15801,0.16679,0.19034,0.1626,0.19059,0.13169
0.1378,0.15401,0.13441,0.1863,0.1789,0.20857
0.14357,0.17476,0.17766,0.1784,0.16897,0.15663
0.16537,0.17112,0.17685,0.17239,0.18013,0.13414
0.18426,0.16195,0.15894,0.16435,0.17998,0.15052
0.14104,0.16267,0.14257,0.16567,0.1739,0.21416
0.18989,0.14368,0.15833,0.17877,0.1403,0.18903
0.17694,0.17387,0.16978,0.1749,0.18405,0.12046
0.18562,0.17728,0.16967,0.158,0.16334,0.14609
0.18506,0.17195,0.18166,0.16564,0.16103,0.13465
0.20033,0.18558,0.16449,0.1591,0.12064,0.16986
0.17254,0.1613,0.091887,0.13643,0.17254,0.26531
0.16715,0.16497,0.17223,0.16064,0.16787,0.16715
0.1778,0.1778,0.15598,0.16326,0.15201,0.17315
0.17487,0.18032,0.16146,0.16873,0.168,0.14662
0.16949,0.12668,0.15268,0.17788,0.17858,0.1947
0.18409,0.1705,0.18409,0.17594,0.1373,0.14808
0.15876,0.20039,0.19513,0.16699,0.15443,0.12431
0.20175,0.16809,0.13784,0.16178,0.15124,0.17931
0.15556,0.16521,0.1659,0.1362,0.19543,0.18169
0.1758,0.13351,0.13635,0.17282,0.16441,0.2171
0.16005,0.11692,0.14489,0.16649,0.18711,0.22454
0.17064,0.16244,0.16627,0.16845,0.2079,0.1243
0.16954,0.16327,0.18922,0.15382,0.16639,0.15774
0.16397,0.15607,0.20688,0.14713,0.13304,0.19292
0.13699,0.15699,0.18343,0.15615,0.18343,0.183
0.21588,0.17714,0.15978,0.17614,0.14039,0.13066
0.20029,0.17564,0.16752,0.17022,0.15506,0.13127
0.24616,0.19803,0.15249,0.15761,0.1237,0.122
0.15766,0.18725,0.15766,0.13581,0.18193,0.17968
0.19356,0.13714,0.13006,0.16248,0.14869,0.22807
0.15317,0.15026,0.16261,0.17892,0.19864,0.1564
0.15185,0.15528,0.12857,0.13971,0.19906,0.22553
0.17864,0.16199,0.15214,0.15679,0.14778,0.20266
0.16642,0.15354,0.18357,0.1545,0.17556,0.16642
0.2195,0.19616,0.14034,0.15006,0.1386,0.15533
0.17997,0.17271,0.16415,0.19162,0.16613,0.12542
0.1833,0.19654,0.17193,0.16099,0.16777,0.11946
0.17085,0.16891,0.15436,0.18353,0.1622,0.16015
0.17143,0.12665,0.14546,0.18271,0.16058,0.21318
0.19008,0.16,0.16395,0.1694,0.16891,0.14767
0.17546,0.16644,0.13448,0.16533,0.21265,0.14565
0.19055,0.16546,0.14577,0.16069,0.18219,0.15533
0.19769,0.19198,0.16149,0.1537,0.1573,0.13784
0.10008,0.15834,0.14404,0.17385,0.23043,0.19326
0.13411,0.18376,0.16631,0.1757,0.21335,0.12677
0.16517,0.14401,0.20467,0.16382,0.18153,0.1408
0.18854,0.1777,0.20876,0.10715,0.20636,0.11149
0.11611,0.1411,0.2115,0.1724,0.21028,0.14863
0.1297,0.17151,0.16674,0.17211,0.22787,0.13207
0.18445,0.16168,0.15588,0.14801,0.23548,0.11451
0.17797,0.14511,0.090478,0.15663,0.15663,0.27319
0.098551,0.14116,0.16487,0.16302,0.20188,0.23052
0.16876,0.16876,0.16391,0.15215,0.18113,0.1653
0.13183,0.16977,0.14982,0.14393,0.21295,0.19171
0.13272,0.11987,0.21104,0.17771,0.196,0.16267
0.1835,0.16831,0.18981,0.13749,0.18771,0.13317
0.12749,0.18598,0.1646,0.19158,0.18261,0.14774
0.16304,0.16539,0.16066,0.16512,0.193,0.15278
0.1725,0.17957,0.1612,0.16742,0.15556,0.16375
0.047957,0.16554,0.16909,0.18757,0.23563,0.19421
0.1713,0.17086,0.17353,0.16411,0.16503,0.15517
0.17728,0.17463,0.16499,0.17683,0.18636,0.11991
0.1472,0.14853,0.2374,0.20259,0.17591,0.088378
0.1971,0.19365,0.16919,0.1467,0.15593,0.13743
0.13396,0.15407,0.21223,0.14956,0.23279,0.1174
0.1527,0.18066,0.14497,0.14092,0.17853,0.20222
0.18352,0.18032,0.14179,0.16745,0.17304,0.15387
0.16995,0.16155,0.18066,0.18906,0.15316,0.14562
0.10788,0.14034,0.18808,0.18922,0.18184,0.19263
0.15291,0.18114,0.16397,0.14588,0.16397,0.19214
0.17155,0.15999,0.164,0.18045,0.17378,0.15021
0.20092,0.17387,0.16193,0.15503,0.12952,0.17871
0.18422,0.17911,0.16674,0.17374,0.12752,0.16868
0.15133,0.14715,0.17545,0.18688,0.21354,0.12566
0.17673,0.14532,0.14839,0.17303,0.17549,0.18105
0.1515,0.17876,0.20771,0.13996,0.21931,0.10275
0.16034,0.15827,0.16138,0.16138,0.21229,0.14633
0.14513,0.18571,0.19654,0.18302,0.11829,0.17132
0.1896,0.2018,0.17355,0.13491,0.18519,0.11495
0.15409,0.15909,0.16293,0.13411,0.16293,0.22685
0.1741,0.1769,0.16165,0.15319,0.13228,0.20189
0.16558,0.17097,0.1812,0.15535,0.20984,0.11705
0.22739,0.19256,0.15734,0.1449,0.13808,0.13973
0.076835,0.14517,0.19533,0.19368,0.19696,0.19203
0.14708,0.17949,0.1741,0.1815,0.17208,0.14575
0.20922,0.1816,0.132,0.14996,0.13389,0.19334
0.1463,0.15127,0.19194,0.14843,0.25004,0.11203
0.16274,0.17208,0.15185,0.16912,0.15738,0.18684
0.21494,0.19469,0.14912,0.1703,0.15072,0.12023
0.13268,0.16588,0.15828,0.14787,0.24951,0.14579
0.19759,0.18754,0.14706,0.1682,0.14153,0.15807
0.1379,0.18599,0.15035,0.1712,0.17292,0.18164
0.13489,0.15821,0.17354,0.16822,0.20427,0.16087
0.1521,0.14666,0.17282,0.18709,0.14119,0.20015
0.16683,0.17267,0.17225,0.1559,0.17771,0.15464
0.18011,0.16385,0.174,0.17265,0.15368,0.15571
0.16154,0.18898,0.10471,0.15492,0.16971,0.22015
0.15151,0.1592,0.14247,0.16816,0.1997,0.17896
0.18875,0.1832,0.12896,0.17308,0.16207,0.16393
0.21572,0.17874,0.1631,0.16452,0.147,0.13093
0.16191,0.18024,0.18426,0.1447,0.20939,0.11949
0.090087,0.11885,0.19577,0.19577,0.17412,0.22541
0.1338,0.17409,0.15268,0.17839,0.16638,0.19466
0.19861,0.17604,0.19637,0.15846,0.17059,0.099923
0.13842,0.147,0.24876,0.18128,0.16182,0.12273
0.17973,0.14413,0.12778,0.18046,0.16148,0.20642
0.18157,0.13495,0.11553,0.18085,0.16975,0.21735
0.16809,0.13328,0.14598,0.18771,0.13868,0.22626
0.16243,0.16381,0.16243,0.18028,0.19129,0.13976
0.17974,0.16979,0.15238,0.19963,0.15613,0.14232
0.14838,0.14983,0.19032,0.17726,0.19391,0.1403
0.095649,0.13985,0.19064,0.22604,0.18691,0.16091
0.17544,0.11862,0.14792,0.1846,0.16958,0.20384
0.17686,0.16518,0.16238,0.17888,0.17605,0.14064
0.16367,0.15993,0.16367,0.17286,0.18454,0.15533
0.14623,0.15439,0.16352,0.14805,0.19526,0.19255
0.21495,0.18292,0.14604,0.16501,0.16122,0.12986
0.19615,0.18233,0.15408,0.16442,0.18233,0.12068
0.15737,0.16494,0.18239,0.19985,0.17477,0.12067
0.15193,0.15517,0.18377,0.16268,0.18594,0.16051
0.16138,0.16584,0.18204,0.15915,0.20282,0.12876
0.14537,0.14933,0.19787,0.16519,0.18597,0.15627
0.19523,0.15091,0.17998,0.15717,0.18964,0.12708
0.18382,0.17479,0.16106,0.14849,0.16905,0.16278
0.19431,0.14807,0.18557,0.15558,0.18293,0.13354
0.13209,0.17088,0.11435,0.12674,0.27348,0.18245
0.17346,0.19782,0.1706,0.14984,0.21508,0.093202
0.15576,0.19343,0.14573,0.14153,0.16334,0.2002
0.11588,0.16153,0.16359,0.15842,0.19356,0.20702
0.1976,0.17992,0.18197,0.16672,0.16359,0.11021
0.17393,0.18767,0.16506,0.17052,0.13914,0.1637
0.16262,0.13169,0.16438,0.18472,0.19797,0.15862
0.17375,0.16004,0.16146,0.15769,0.16004,0.18703
0.12444,0.16804,0.17896,0.17808,0.17459,0.17589
0.093292,0.15822,0.16977,0.18498,0.171,0.22274
0.14989,0.1601,0.13895,0.16229,0.26213,0.12663
0.17769,0.16838,0.15393,0.15957,0.16775,0.17267
0.18168,0.18423,0.14225,0.15426,0.14648,0.1911
0.15425,0.14943,0.18383,0.17067,0.15658,0.18524
0.15439,0.15749,0.19624,0.17607,0.20014,0.11567
0.17472,0.17559,0.20233,0.16135,0.14518,0.14084
0.166,0.1066,0.13153,0.2006,0.16837,0.2269
0.15834,0.18129,0.17386,0.1516,0.18061,0.15431
0.18119,0.13434,0.1534,0.17467,0.17303,0.18337
0.19797,0.16785,0.17415,0.14189,0.16573,0.1524
0.16376,0.16247,0.13605,0.17471,0.16826,0.19475
0.17194,0.18883,0.13267,0.12741,0.18957,0.18957
0.17458,0.11987,0.13354,0.19942,0.14614,0.22645
0.23655,0.18592,0.14276,0.15102,0.16636,0.11741
0.23848,0.19148,0.14071,0.15206,0.15853,0.11874
0.20551,0.16711,0.14824,0.16527,0.18015,0.13372
0.16982,0.17828,0.15352,0.1809,0.15093,0.16655
0.13955,0.15434,0.16758,0.19402,0.17615,0.16836
0.16757,0.18097,0.17935,0.17452,0.16488,0.13272
0.16552,0.15609,0.14992,0.14458,0.11903,0.26486
0.20031,0.17892,0.1781,0.14291,0.1904,0.10936
0.17035,0.17412,0.14918,0.16141,0.18964,0.15529
0.14593,0.16507,0.18311,0.17463,0.18232,0.14893
0.16562,0.16179,0.17254,0.16103,0.18874,0.15028
0.12033,0.17324,0.20103,0.17324,0.1562,0.17595
0.16725,0.16952,0.17755,0.16668,0.2029,0.1161
0.15307,0.17253,0.19194,0.14454,0.18485,0.15307
0.18954,0.17829,0.14901,0.15274,0.15587,0.17455
0.14998,0.099719,0.12304,0.16204,0.16204,0.30318
0.1732,0.13268,0.14138,0.17627,0.18209,0.19439
0.17866,0.1223,0.16801,0.19109,0.19418,0.14576
0.17632,0.16868,0.18508,0.16576,0.16868,0.13546
0.1518,0.15904,0.15743,0.17941,0.18105,0.17128
0.18645,0.19801,0.17724,0.15307,0.12989,0.15536
0.16667,0.18058,0.16319,0.14986,0.1516,0.1881
0.11999,0.17742,0.14212,0.15422,0.19478,0.21148
0.11182,0.13133,0.16825,0.1772,0.20205,0.20935
0.1813,0.18312,0.12523,0.1532,0.18312,0.17404
0.18214,0.15541,0.18291,0.15068,0.1719,0.15696
0.26567,0.20121,0.13958,0.13877,0.15072,0.10406
0.1544,0.17642,0.19857,0.12114,0.18642,0.16305
0.1471,0.16383,0.13132,0.17355,0.17973,0.20445
0.16288,0.12485,0.1474,0.17637,0.17361,0.2149
0.11757,0.21082,0.19211,0.17437,0.2004,0.10474
0.19503,0.16781,0.15794,0.14999,0.18982,0.1394
0.16883,0.17121,0.16645,0.13435,0.21042,0.14875
0.17457,0.18328,0.14378,0.14528,0.1635,0.18959
0.10339,0.10744,0.14717,0.1719,0.1938,0.2763
0.19933,0.19179,0.17926,0.14321,0.14321,0.14321
0.20258,0.2011,0.17326,0.15332,0.15218,0.11756
0.15647,0.1801,0.16775,0.17097,0.18755,0.13716
0.14893,0.17332,0.17128,0.14893,0.2059,0.15165
0.13309,0.16131,0.15215,0.18378,0.20837,0.16131
0.13864,0.12907,0.21278,0.17167,0.22487,0.12297
0.1724,0.1603,0.1731,0.15772,0.17926,0.15723
0.14637,0.10508,0.12499,0.17882,0.2061,0.23865
0.19216,0.18257,0.12845,0.19965,0.20284,0.094343
0.15308,0.093412,0.1358,0.17777,0.16008,0.27987
0.16123,0.12259,0.1247,0.18333,0.17307,0.23507
0.18056,0.1636,0.18968,0.1587,0.18395,0.1235
0.17734,0.13867,0.16208,0.19063,0.16921,0.16208
0.17716,0.17292,0.14985,0.13452,0.17647,0.18907
0.17218,0.18096,0.16838,0.14932,0.17272,0.15642
0.15164,0.14688,0.16777,0.16466,0.23999,0.12906
0.17978,0.14045,0.17191,0.17683,0.15912,0.17191
0.2095,0.19837,0.15745,0.15412,0.11098,0.16958
0.13347,0.13347,0.15299,0.17667,0.17262,0.23077
0.15352,0.17275,0.16726,0.14729,0.20155,0.15765
0.18646,0.17915,0.1956,0.14752,0.14676,0.14452
0.18653,0.19589,0.16963,0.14713,0.15463,0.1462
0.16564,0.1831,0.19745,0.16806,0.1249,0.16086
0.17744,0.16162,0.16952,0.16666,0.12217,0.20259
0.17923,0.16742,0.14703,0.18314,0.13142,0.19176
0.16144,0.13924,0.12747,0.17062,0.14697,0.25426
0.18143,0.16843,0.17751,0.17037,0.17232,0.12994
0.18628,0.17563,0.17084,0.17016,0.15736,0.13972
0.1564,0.16615,0.16292,0.15317,0.18955,0.17181
0.13957,0.1349,0.15612,0.17526,0.16044,0.23371
0.15148,0.13555,0.21216,0.19164,0.15279,0.15638
0.19712,0.18502,0.17224,0.1652,0.14341,0.13701
0.17806,0.17462,0.1696,0.17224,0.168,0.13748
0.15625,0.15325,0.12327,0.16951,0.16951,0.22821
0.20206,0.19726,0.12921,0.15551,0.12199,0.19397
0.15574,0.18512,0.17175,0.17124,0.15937,0.15678
0.18185,0.14683,0.13807,0.18778,0.12096,0.22451
0.22331,0.18346,0.14147,0.16371,0.13005,0.158
0.20339,0.23852,0.17238,0.11642,0.1114,0.1579
0.17864,0.15787,0.16967,0.16012,0.16237,0.17134
0.2077,0.15336,0.14649,0.18845,0.097434,0.20657
0.14428,0.18409,0.14591,0.14883,0.17255,0.20433
0.12368,0.15355,0.15985,0.15355,0.18256,0.2268
0.2266,0.1765,0.16027,0.15037,0.14823,0.13803
0.19005,0.18064,0.1547,0.12451,0.1671,0.183
0.21369,0.18312,0.12992,0.16623,0.15189,0.15516
0.14322,0.14696,0.19637,0.20152,0.21439,0.097542
0.10891,0.15673,0.14155,0.13927,0.21126,0.24227
0.16311,0.17519,0.17519,0.171,0.16449,0.15102
0.20894,0.18769,0.16933,0.14004,0.16884,0.12516
0.1843,0.14046,0.12057,0.1688,0.1624,0.22347
0.18293,0.19892,0.16744,0.16311,0.1572,0.1304
0.13766,0.15953,0.12332,0.15406,0.19208,0.23335
0.14942,0.16538,0.19045,0.15444,0.17585,0.16445
0.20194,0.16748,0.13962,0.17607,0.12026,0.19464
0.15647,0.16705,0.16328,0.18666,0.17684,0.14969
0.14507,0.17539,0.18931,0.16587,0.1969,0.12745
0.11995,0.12761,0.15472,0.19103,0.20889,0.19779
0.16748,0.16934,0.15267,0.16441,0.17799,0.1681
0.099234,0.16055,0.17285,0.15594,0.18692,0.22452
0.16128,0.12682,0.15024,0.17533,0.16366,0.22268
0.12706,0.11537,0.18803,0.19349,0.19508,0.18098
0.1625,0.15523,0.14691,0.15731,0.18541,0.19265
0.16771,0.17207,0.1913,0.17578,0.11922,0.17393
0.21123,0.17866,0.18285,0.16178,0.15344,0.11203
0.19413,0.15612,0.15883,0.18137,0.16063,0.14892
0.16884,0.16609,0.16369,0.17948,0.17434,0.14756
0.15285,0.14771,0.17629,0.19915,0.17114,0.15285
0.17024,0.18948,0.19319,0.1604,0.19319,0.093509
0.11039,0.14341,0.19722,0.18193,0.19046,0.17659
0.18454,0.15912,0.20369,0.15856,0.18781,0.10628
0.20552,0.14946,0.097134,0.17371,0.13681,0.23736
0.23258,0.18308,0.18251,0.13645,0.098613,0.16677
0.17843,0.18166,0.1354,0.1543,0.12956,0.22066
0.18082,0.18181,0.16585,0.16134,0.18819,0.12199
0.17962,0.15808,0.17245,0.15808,0.18864,0.14314
0.20342,0.16243,0.16352,0.16566,0.15974,0.14524
0.16931,0.15589,0.16259,0.16565,0.16259,0.18397
0.18547,0.14785,0.20932,0.17157,0.165,0.12079
0.16573,0.19544,0.15034,0.14659,0.14538,0.19653
0.16137,0.16403,0.15786,0.14819,0.16754,0.20101
0.16993,0.14491,0.15186,0.16506,0.15741,0.21082
0.093469,0.11962,0.17078,0.17848,0.19171,0.24594
0.17883,0.17174,0.16143,0.14553,0.18103,0.16143
0.16638,0.17504,0.15931,0.13029,0.15065,0.21832
0.16826,0.16597,0.13774,0.15491,0.1915,0.18162
0.14716,0.16067,0.12832,0.16245,0.16707,0.23432
0.15529,0.15403,0.13275,0.17096,0.19532,0.19165
0.15877,0.15351,0.17893,0.1728,0.19645,0.13953
0.14794,0.17508,0.15808,0.17354,0.19218,0.15318
0.16389,0.14116,0.1764,0.18286,0.1537,0.18199
0.18054,0.14113,0.18519,0.15116,0.21696,0.12501
0.15547,0.1689,0.16442,0.16342,0.1689,0.17889
0.25082,0.16692,0.1317,0.1502,0.17473,0.12563
0.19462,0.1293,0.13227,0.1293,0.18665,0.22785
0.19144,0.1786,0.11379,0.14781,0.16466,0.20371
0.16691,0.18785,0.17846,0.14885,0.20888,0.10905
0.18701,0.18135,0.13483,0.16624,0.16244,0.16813
0.14272,0.15481,0.19585,0.14513,0.2055,0.156
0.15778,0.17179,0.17769,0.17339,0.18521,0.13414
0.17421,0.18112,0.18081,0.14026,0.17642,0.14717
0.16016,0.15672,0.16591,0.15444,0.19514,0.16763
0.15048,0.16224,0.19557,0.20453,0.1689,0.11827
0.13983,0.15233,0.1924,0.18341,0.17035,0.16167
0.18375,0.15209,0.17914,0.18085,0.15209,0.15209
0.15393,0.13189,0.14589,0.18115,0.16513,0.22201
0.13383,0.11001,0.16559,0.2122,0.16975,0.20861
0.18582,0.1689,0.18004,0.17692,0.16666,0.12167
0.15959,0.14749,0.17444,0.18388,0.14937,0.18523
0.14848,0.18043,0.20596,0.19099,0.19826,0.075881
0.17545,0.17765,0.14278,0.14719,0.1259,0.23102
0.19275,0.17795,0.16795,0.16684,0.16093,0.13358
0.19314,0.17436,0.18321,0.16368,0.18067,0.10494
0.15376,0.15161,0.15161,0.20729,0.15982,0.17591
0.1546,0.18111,0.15257,0.16691,0.14646,0.19835
0.17038,0.17739,0.18269,0.17387,0.1906,0.10508
0.16272,0.12001,0.14189,0.17228,0.17536,0.22774
0.22308,0.19965,0.16835,0.16156,0.13413,0.11322
0.15517,0.15932,0.18994,0.19129,0.19129,0.11299
0.12181,0.16318,0.14779,0.13946,0.25568,0.17208
0.1759,0.20106,0.18763,0.15239,0.18595,0.097065
0.1466,0.063066,0.16468,0.21781,0.24019,0.16766
0.19474,0.16155,0.14494,0.1781,0.1858,0.13488
0.15342,0.17566,0.18324,0.09801,0.19994,0.18972
0.15044,0.15044,0.20387,0.16465,0.19819,0.1324
0.15021,0.13067,0.15897,0.16934,0.18914,0.20167
0.1323,0.13657,0.15659,0.17002,0.18112,0.2234
0.15598,0.17119,0.15598,0.17391,0.17608,0.16685
0.19218,0.1722,0.16759,0.16528,0.16989,0.13287
0.071851,0.17797,0.16364,0.17559,0.20846,0.20249
0.14872,0.14982,0.18425,0.16815,0.18091,0.16815
0.16326,0.12088,0.14447,0.16437,0.17321,0.2338
0.18641,0.15986,0.14124,0.15405,0.15405,0.2044
0.20545,0.20545,0.16474,0.15135,0.15077,0.12223
0.16563,0.1811,0.1497,0.13585,0.25033,0.11739
0.15013,0.15196,0.15997,0.17238,0.18225,0.1833
0.084864,0.14636,0.11602,0.17383,0.20765,0.27128
0.14145,0.15477,0.1698,0.1698,0.19199,0.17219
0.16887,0.14229,0.19198,0.17082,0.18473,0.14131
0.16568,0.16866,0.19313,0.1788,0.18477,0.10896
0.15369,0.16436,0.18818,0.18234,0.18958,0.12185
0.17728,0.16705,0.16705,0.14582,0.22742,0.11537
0.15653,0.18407,0.13877,0.12878,0.19198,0.19987
0.15025,0.17858,0.16797,0.13305,0.20217,0.16797
0.16278,0.17978,0.19365,0.14763,0.19596,0.1202
0.14537,0.14234,0.20531,0.15738,0.2174,0.1322
0.13576,0.11442,0.17236,0.17715,0.19213,0.20818
0.15117,0.1715,0.18966,0.16569,0.17879,0.14319
0.18165,0.16629,0.17626,0.16167,0.18769,0.12644
0.15004,0.18174,0.1643,0.1349,0.19599,0.17302
0.14443,0.18234,0.1465,0.1872,0.15718,0.18234
0.19594,0.13546,0.20054,0.18903,0.15523,0.1238
0.14456,0.25867,0.12116,0.15213,0.18853,0.13494
0.16172,0.14978,0.18756,0.17834,0.1765,0.1461
0.1796,0.13963,0.1724,0.16437,0.17,0.174
0.10662,0.18934,0.18305,0.16111,0.19371,0.16616
0.13404,0.15087,0.17382,0.17956,0.17956,0.18214
0.20054,0.18313,0.097399,0.13666,0.14987,0.2324
0.17941,0.15364,0.18129,0.18387,0.17588,0.12591
0.18176,0.18079,0.1687,0.1628,0.1601,0.14584
0.203,0.17472,0.19289,0.16714,0.15373,0.10851
0.23329,0.16251,0.16379,0.15096,0.16187,0.12757
0.20426,0.19613,0.17258,0.17258,0.094071,0.16038
0.16779,0.1745,0.19125,0.19125,0.12957,0.14565
0.15117,0.15634,0.19274,0.18042,0.14147,0.17787
0.17799,0.17498,0.20605,0.19895,0.13796,0.10407
0.16145,0.17766,0.16145,0.15529,0.17766,0.16648
0.14506,0.15864,0.16805,0.14282,0.19114,0.19428
0.1772,0.16691,0.18126,0.16534,0.15346,0.15583
0.19989,0.18359,0.1741,0.18781,0.18201,0.072609
0.20834,0.16677,0.19468,0.17468,0.1415,0.11403
0.17565,0.15717,0.1713,0.19055,0.1352,0.17012
0.17184,0.15694,0.14901,0.15522,0.1428,0.2242
0.19579,0.17284,0.15518,0.17604,0.12948,0.17067
0.18085,0.16434,0.17228,0.16493,0.13124,0.18636
0.15551,0.11046,0.12762,0.19244,0.14442,0.26955
0.17384,0.2,0.15106,0.16624,0.14431,0.16455
0.17897,0.14341,0.20218,0.16556,0.15494,0.15494
0.20956,0.16183,0.18162,0.16107,0.16806,0.11786
0.19574,0.18409,0.15944,0.17765,0.15885,0.12423
0.1646,0.17658,0.18201,0.18299,0.17387,0.11996
0.13863,0.16831,0.15625,0.15764,0.21229,0.16688
0.18177,0.18556,0.13689,0.15744,0.14066,0.19768
0.17149,0.16513,0.13557,0.17923,0.15876,0.18983
0.19641,0.1825,0.15043,0.16374,0.11653,0.19038
0.17207,0.17359,0.17901,0.1512,0.17424,0.14989
0.18105,0.17578,0.17432,0.17953,0.17504,0.11427
0.16236,0.16102,0.16236,0.17993,0.17031,0.164
0.18248,0.16736,0.16307,0.16379,0.18248,0.14083
0.19156,0.17605,0.1809,0.1883,0.12844,0.13475
0.20316,0.17361,0.15567,0.18419,0.1404,0.14297
0.13757,0.14343,0.20002,0.20544,0.19114,0.1224
0.15075,0.1754,0.15946,0.17592,0.1754,0.16306
0.14744,0.14899,0.16504,0.18836,0.16584,0.18433
0.17293,0.20126,0.22156,0.12007,0.15752,0.12665
0.18942,0.18865,0.14199,0.11894,0.15063,0.21038
0.16912,0.17517,0.17064,0.13324,0.1475,0.20433
0.16608,0.16754,0.15847,0.16608,0.15442,0.18742
0.17165,0.18502,0.16973,0.14939,0.16083,0.16338
0.22996,0.18142,0.14539,0.16002,0.14035,0.14286
0.17399,0.16188,0.17512,0.17069,0.18281,0.1355
0.20591,0.16814,0.1637,0.16001,0.15852,0.14373
0.17134,0.13815,0.17134,0.20041,0.19192,0.12684
0.16524,0.15568,0.18813,0.17668,0.17204,0.14223
0.16092,0.18657,0.15372,0.13289,0.14896,0.21695
0.14118,0.15937,0.16874,0.16749,0.19447,0.16874
0.1451,0.16107,0.19848,0.16671,0.19577,0.13288
0.14335,0.13889,0.16058,0.20295,0.23509,0.11914
0.1439,0.12149,0.1439,0.20838,0.19226,0.19007
0.18216,0.15403,0.17972,0.16565,0.19681,0.12163
0.14193,0.2104,0.16004,0.15096,0.19173,0.14494
0.16996,0.13996,0.1644,0.1573,0.17154,0.19683
0.16707,0.16169,0.16062,0.19961,0.1822,0.12881
0.17475,0.17475,0.17782,0.12938,0.21092,0.13238
0.14708,0.15625,0.24349,0.14708,0.16729,0.13883
0.17935,0.16183,0.1799,0.18488,0.15942,0.13461
0.15003,0.15065,0.18984,0.17086,0.19553,0.1431
0.17166,0.13386,0.139,0.17727,0.16057,0.21764
0.16964,0.11078,0.13856,0.1711,0.1711,0.23881
0.19227,0.17411,0.16691,0.16213,0.14054,0.16404
0.15997,0.15025,0.16398,0.16283,0.18521,0.17776
0.15119,0.15119,0.16993,0.16915,0.16915,0.1894
0.1218,0.15239,0.18227,0.14922,0.17912,0.2152
0.14233,0.17098,0.21649,0.15425,0.12087,0.19509
0.16051,0.17138,0.17356,0.14887,0.14887,0.1968
0.18002,0.18286,0.18456,0.16365,0.14106,0.14785
0.16753,0.15792,0.15347,0.14219,0.19119,0.1877
0.20344,0.19324,0.1845,0.17261,0.14595,0.10026
0.17454,0.17372,0.19876,0.17372,0.12255,0.1567
0.16926,0.16586,0.17674,0.1625,0.16586,0.15978
0.15379,0.16554,0.12718,0.16727,0.18393,0.20228
0.18311,0.17581,0.13921,0.17824,0.15269,0.17094
0.20157,0.17503,0.1848,0.17428,0.13291,0.13141
0.14613,0.12396,0.14412,0.17466,0.18574,0.22538
0.18009,0.1648,0.1699,0.19313,0.13887,0.1532
0.11269,0.1542,0.16327,0.18707,0.17932,0.20345
0.18937,0.15042,0.13384,0.18286,0.16714,0.17637
0.16692,0.17468,0.1721,0.15231,0.17652,0.15747
0.15005,0.17381,0.17692,0.15067,0.17286,0.17568
0.16237,0.16098,0.17975,0.13893,0.21762,0.14035
0.15314,0.17808,0.18858,0.15531,0.20764,0.11725
0.18148,0.15519,0.16304,0.18652,0.17311,0.14065
0.18456,0.20782,0.10274,0.14241,0.14512,0.21735
0.14894,0.16336,0.14127,0.18629,0.18056,0.17959
0.12601,0.15977,0.1548,0.16566,0.17258,0.22118
0.14997,0.13289,0.14689,0.17227,0.17911,0.21887
0.16008,0.14462,0.14462,0.14634,0.1618,0.24253
0.1465,0.15876,0.15876,0.12376,0.17706,0.23515
0.12916,0.16138,0.15174,0.16485,0.15174,0.24113
0.16929,0.1725,0.14818,0.15341,0.17672,0.1799
0.16618,0.16883,0.16168,0.17519,0.17227,0.15585
0.16337,0.20129,0.14526,0.16337,0.17931,0.1474
0.12872,0.12639,0.15799,0.19079,0.20429,0.19182
0.13621,0.12419,0.17606,0.14487,0.26257,0.1561
0.16011,0.12088,0.13077,0.17556,0.18029,0.23239
0.19593,0.18255,0.16803,0.18958,0.14454,0.11937
0.17489,0.16583,0.18659,0.15614,0.16845,0.1481
0.15923,0.13495,0.15923,0.16009,0.21414,0.17236
0.12825,0.17987,0.18859,0.17114,0.18545,0.1467
0.16336,0.10717,0.14719,0.1712,0.18053,0.23054
0.16397,0.1534,0.17204,0.17104,0.17959,0.15995
0.18546,0.19396,0.14765,0.16824,0.16049,0.14419
0.1631,0.19399,0.16868,0.14652,0.17342,0.1543
0.11832,0.15731,0.17735,0.19236,0.1857,0.16897
0.14668,0.097665,0.14893,0.17699,0.18803,0.24169
