0.070746,0.061991,0.069337,0.064814,0.056079,0.071589,0.067079,0.085197,0.060295,0.056079,0.069337,0.068489,0.068771,0.060863,0.069337
0.070186,0.072209,0.061066,0.069925,0.060059,0.06764,0.061579,0.071957,0.070186,0.063341,0.080284,0.068414,0.065618,0.046343,0.071193
0.065616,0.06633,0.068685,0.065268,0.065387,0.065616,0.065735,0.068566,0.067393,0.067503,0.074851,0.062666,0.062904,0.063378,0.070105
0.053631,0.051608,0.051608,0.050371,0.051608,0.05543,0.05543,0.058466,0.080931,0.075545,0.089172,0.081032,0.079532,0.078635,0.087002
0.069074,0.068227,0.065684,0.061107,0.064837,0.064837,0.065345,0.067718,0.070261,0.060429,0.082117,0.063142,0.063142,0.061107,0.072973
0.059135,0.063425,0.069693,0.065166,0.062388,0.066555,0.070036,0.068419,0.068875,0.067839,0.071777,0.066323,0.065975,0.065166,0.069227
0.075529,0.065902,0.06743,0.075529,0.0622,0.071354,0.061108,0.064816,0.064162,0.068522,0.076824,0.072872,0.060238,0.043688,0.069827
0.069339,0.069941,0.057764,0.066744,0.070942,0.065744,0.070738,0.05996,0.061564,0.069339,0.08072,0.064348,0.055975,0.07034,0.06654
0.066897,0.066897,0.069723,0.066897,0.067908,0.069723,0.067303,0.06649,0.066084,0.064666,0.057208,0.06891,0.066698,0.068107,0.06649
0.075877,0.077305,0.068129,0.065818,0.067266,0.069566,0.058626,0.069852,0.064955,0.057237,0.073863,0.059787,0.064955,0.056047,0.070718
0.062239,0.068325,0.070146,0.068727,0.060651,0.064684,0.072167,0.070548,0.065689,0.063297,0.066504,0.060651,0.074593,0.057793,0.073986
0.064884,0.062121,0.077741,0.064143,0.079999,0.075755,0.069308,0.082527,0.063041,0.067647,0.063041,0.043701,0.073137,0.050834,0.062121
0.072637,0.068738,0.062966,0.067331,0.067975,0.067416,0.063941,0.063322,0.068569,0.065458,0.069925,0.068738,0.063585,0.06706,0.062339
0.065703,0.067083,0.067479,0.061763,0.067083,0.066891,0.064311,0.055234,0.072832,0.063155,0.079372,0.064514,0.063476,0.062727,0.078376
0.062164,0.069137,0.067641,0.058699,0.069879,0.063155,0.057717,0.070635,0.072117,0.066649,0.082355,0.060917,0.061663,0.063656,0.073619
0.080784,0.074496,0.057895,0.053123,0.071989,0.068862,0.093069,0.048765,0.071989,0.059452,0.077018,0.05665,0.066352,0.04254,0.077018
0.074551,0.072457,0.066175,0.061996,0.053238,0.060739,0.062619,0.06785,0.068688,0.067431,0.087954,0.054634,0.059902,0.067217,0.074551
0.059275,0.059714,0.064107,0.069932,0.069164,0.070261,0.070152,0.068176,0.067517,0.069822,0.068395,0.06609,0.065541,0.065432,0.06642
0.069793,0.061996,0.063242,0.062964,0.067967,0.069952,0.072254,0.063377,0.064791,0.066855,0.069793,0.072254,0.069158,0.071063,0.05454
0.075352,0.069416,0.067495,0.069312,0.071354,0.073353,0.066635,0.064714,0.062785,0.065566,0.066105,0.063532,0.061707,0.062463,0.060212
0.061862,0.065821,0.070277,0.072007,0.074271,0.071264,0.068049,0.062851,0.07102,0.064833,0.070032,0.065821,0.062361,0.056682,0.062851
0.070548,0.067409,0.07076,0.052336,0.076206,0.071388,0.066991,0.067409,0.071175,0.066782,0.071388,0.059231,0.061114,0.060273,0.066991
0.064694,0.06706,0.068245,0.070375,0.055937,0.068716,0.06943,0.066586,0.064694,0.066353,0.069671,0.06706,0.06398,0.067297,0.069902
0.068956,0.067916,0.066657,0.061685,0.064598,0.065399,0.06414,0.058252,0.07228,0.061685,0.078693,0.063568,0.065399,0.062652,0.078121
0.070691,0.073407,0.059846,0.053902,0.067735,0.072168,0.066012,0.07242,0.071431,0.062073,0.072914,0.067,0.067,0.04826,0.07514
0.082268,0.075605,0.067891,0.066396,0.068685,0.066626,0.064209,0.059365,0.062013,0.066276,0.070308,0.06432,0.058903,0.061552,0.065584
0.062565,0.067957,0.067957,0.06469,0.067957,0.067244,0.066396,0.067957,0.066825,0.067389,0.07662,0.067673,0.064271,0.053413,0.071084
0.073387,0.083563,0.08262,0.06233,0.057022,0.063305,0.076544,0.064518,0.059925,0.056193,0.071687,0.055156,0.059614,0.062693,0.071443
0.07511,0.081078,0.062703,0.050435,0.048627,0.072096,0.076909,0.07511,0.059176,0.054554,0.06008,0.072769,0.070637,0.071308,0.069407
0.085897,0.081617,0.058327,0.050662,0.054544,0.067284,0.079627,0.06959,0.060019,0.056037,0.07025,0.069259,0.066946,0.065135,0.064806
0.060463,0.065881,0.063177,0.064471,0.06989,0.070014,0.06777,0.068595,0.064941,0.071743,0.076443,0.073694,0.062825,0.053856,0.066236
0.083246,0.06546,0.072474,0.054726,0.076212,0.054726,0.089797,0.067563,0.052318,0.061249,0.077368,0.041237,0.072474,0.058677,0.072474
0.072548,0.066502,0.068618,0.06711,0.067709,0.071037,0.079213,0.069526,0.061977,0.057128,0.064087,0.063793,0.065294,0.056539,0.06892
0.074081,0.070485,0.063812,0.069931,0.071318,0.071318,0.066314,0.058548,0.065474,0.064092,0.076863,0.072429,0.054144,0.056546,0.064643
0.065747,0.067438,0.049995,0.070823,0.082339,0.074086,0.059774,0.054956,0.066537,0.073408,0.082529,0.061244,0.064507,0.05591,0.070708
0.066881,0.081879,0.043886,0.059301,0.058648,0.061776,0.07662,0.073446,0.065566,0.068695,0.070671,0.060625,0.066056,0.075441,0.070508
0.053197,0.080781,0.076747,0.060647,0.0486,0.053197,0.077591,0.082283,0.071643,0.062955,0.072694,0.058236,0.061595,0.067871,0.071962
0.057531,0.077541,0.079698,0.066705,0.052742,0.054764,0.076104,0.082573,0.073588,0.06604,0.054476,0.057729,0.063648,0.068143,0.068718
0.068334,0.063662,0.069847,0.068884,0.068747,0.070536,0.066682,0.069294,0.065721,0.062565,0.064352,0.063934,0.065721,0.064623,0.067098
0.062283,0.064845,0.069188,0.07297,0.072609,0.058742,0.06197,0.064845,0.066293,0.063949,0.070625,0.069188,0.06521,0.065574,0.071709
0.073719,0.071962,0.070452,0.059891,0.068942,0.072715,0.074479,0.075229,0.059172,0.055371,0.066435,0.056604,0.066435,0.063168,0.065428
0.082729,0.064027,0.066652,0.063588,0.071276,0.065569,0.070837,0.066652,0.066652,0.055901,0.078534,0.057462,0.06271,0.057462,0.069949
0.06584,0.062792,0.065975,0.060931,0.060931,0.068482,0.063853,0.066495,0.065444,0.062522,0.079081,0.067028,0.068089,0.070208,0.07233
0.065586,0.062877,0.068303,0.06383,0.069583,0.071383,0.068144,0.065427,0.061596,0.067024,0.082853,0.083471,0.058712,0.046588,0.064624
0.058385,0.053739,0.071277,0.067679,0.068739,0.067679,0.064083,0.071065,0.067679,0.067679,0.070006,0.066416,0.070006,0.062173,0.073396
0.078697,0.069907,0.065764,0.061833,0.062289,0.062289,0.067836,0.072453,0.068068,0.060217,0.085851,0.063915,0.063915,0.046363,0.070604
0.071835,0.069292,0.086829,0.049061,0.057715,0.058503,0.063598,0.071247,0.06988,0.057715,0.083033,0.06282,0.064595,0.063997,0.06988
0.081651,0.069256,0.054908,0.057345,0.071731,0.068811,0.07488,0.078901,0.067454,0.066553,0.075961,0.048554,0.063415,0.046373,0.074206
0.075218,0.066096,0.066998,0.06937,0.060799,0.064085,0.081418,0.091522,0.06864,0.0597,0.066459,0.05042,0.059337,0.044535,0.075405
0.04822,0.060121,0.058274,0.058274,0.061147,0.063045,0.058787,0.067549,0.065958,0.056735,0.094593,0.079737,0.081061,0.07391,0.07259
0.073721,0.060954,0.052303,0.058269,0.072289,0.06886,0.062395,0.060954,0.072468,0.064374,0.088,0.064911,0.06922,0.055584,0.0757
0.068807,0.065582,0.072032,0.054394,0.0611,0.055884,0.062378,0.057907,0.079973,0.062803,0.084678,0.058652,0.062803,0.065081,0.087925
0.067452,0.067067,0.070931,0.070162,0.068422,0.03992,0.066298,0.074254,0.065529,0.073614,0.087622,0.068999,0.06204,0.047336,0.070354
0.067797,0.069677,0.064739,0.06662,0.066504,0.067912,0.065328,0.069793,0.062738,0.066504,0.066504,0.066148,0.065443,0.068028,0.066263
0.040145,0.049422,0.065124,0.074653,0.076127,0.07396,0.073353,0.067301,0.068801,0.071619,0.076648,0.069971,0.066633,0.068471,0.057772
0.079017,0.063485,0.055748,0.05284,0.060664,0.059956,0.062777,0.06491,0.06491,0.068443,0.060664,0.07795,0.073733,0.088228,0.066675
0.086855,0.084814,0.055019,0.048697,0.053134,0.033833,0.084615,0.084204,0.053134,0.045702,0.068242,0.074143,0.074653,0.071902,0.081054
0.083502,0.081965,0.045791,0.047857,0.049578,0.033282,0.098353,0.0883,0.037643,0.043496,0.080234,0.072979,0.077271,0.076249,0.083502
0.063184,0.061368,0.062431,0.066497,0.066088,0.040241,0.07214,0.068214,0.069686,0.069523,0.074512,0.078765,0.072467,0.07852,0.056363
0.07865,0.068919,0.068245,0.065241,0.065797,0.06769,0.064786,0.063007,0.069028,0.065678,0.071705,0.061118,0.058551,0.059106,0.072478
0.078995,0.072305,0.064701,0.060547,0.059156,0.063539,0.071152,0.067703,0.070466,0.064701,0.073001,0.065855,0.066317,0.048788,0.072772
0.057638,0.061681,0.063701,0.056355,0.058555,0.063701,0.064262,0.063523,0.061681,0.068679,0.086461,0.074529,0.071591,0.076755,0.070887
0.073176,0.070142,0.06862,0.061588,0.067656,0.067793,0.078599,0.069458,0.069044,0.058554,0.064073,0.056059,0.066552,0.056059,0.072627
0.076954,0.064348,0.077094,0.056581,0.05978,0.061629,0.082272,0.078673,0.068647,0.063199,0.065348,0.050183,0.068647,0.056281,0.070366
0.066203,0.065084,0.069246,0.061892,0.059973,0.053778,0.085702,0.092923,0.065084,0.066842,0.070519,0.050357,0.066362,0.056153,0.069882
0.07825,0.073297,0.057048,0.0632,0.076867,0.033354,0.082063,0.091825,0.071711,0.055115,0.072301,0.046269,0.068152,0.053082,0.077467
0.049928,0.071959,0.077162,0.070667,0.066252,0.057916,0.052976,0.071182,0.068585,0.06107,0.086507,0.061595,0.064433,0.063908,0.075859
0.075135,0.057423,0.064506,0.050825,0.07596,0.075135,0.10052,0.069671,0.043815,0.069413,0.080042,0.054124,0.056908,0.054124,0.072401
0.056746,0.056287,0.058143,0.062081,0.063693,0.061846,0.065783,0.06254,0.064621,0.066014,0.082218,0.082031,0.072506,0.077156,0.068334
0.087517,0.087709,0.055945,0.057097,0.061741,0.072182,0.075896,0.05038,0.06082,0.043758,0.068459,0.075195,0.066374,0.065906,0.071021
0.065686,0.063916,0.074054,0.07507,0.072284,0.073038,0.066199,0.067464,0.064419,0.068225,0.04866,0.061633,0.063664,0.061633,0.074054
0.074467,0.06522,0.06182,0.062763,0.06409,0.06409,0.060503,0.05899,0.075794,0.064464,0.085001,0.060503,0.063147,0.057487,0.08166
0.07027,0.068998,0.066456,0.068818,0.069548,0.066456,0.067366,0.064463,0.067547,0.067727,0.073569,0.06301,0.064283,0.050489,0.071
0.070662,0.070662,0.095159,0.064095,0.047947,0.063563,0.077248,0.078075,0.065693,0.053458,0.072435,0.056655,0.062147,0.054377,0.067824
0.065929,0.068924,0.065067,0.064487,0.062165,0.064004,0.072884,0.070473,0.068155,0.065743,0.074145,0.058493,0.066411,0.059077,0.074043
0.072314,0.072542,0.071393,0.054822,0.064951,0.066099,0.079431,0.068628,0.070699,0.051402,0.0781,0.059877,0.066558,0.049027,0.074157
0.057309,0.052791,0.061387,0.065134,0.062379,0.06315,0.065134,0.056758,0.070898,0.06779,0.069587,0.074833,0.076385,0.078767,0.077698
0.063304,0.066906,0.067306,0.06871,0.072111,0.067712,0.070714,0.064301,0.065508,0.062496,0.075522,0.065508,0.060292,0.061499,0.068111
0.069787,0.06276,0.076176,0.075348,0.074177,0.072415,0.064817,0.064817,0.070663,0.069206,0.052562,0.068035,0.053704,0.058961,0.066573
0.063264,0.075438,0.068866,0.053259,0.073488,0.070806,0.085405,0.063017,0.044985,0.087117,0.072518,0.045746,0.074953,0.053735,0.067404
0.058433,0.062612,0.077101,0.080419,0.077101,0.067663,0.068317,0.065464,0.07205,0.073368,0.062176,0.054273,0.056947,0.055759,0.068317
0.070255,0.060962,0.062538,0.066397,0.067594,0.068203,0.075314,0.071823,0.064941,0.066996,0.065191,0.062538,0.064941,0.064463,0.067844
0.061978,0.070336,0.068239,0.068014,0.062204,0.061978,0.067544,0.082444,0.068935,0.06569,0.073353,0.060578,0.068014,0.060117,0.060578
0.062467,0.067726,0.068179,0.068935,0.068935,0.067877,0.069086,0.066677,0.065476,0.068935,0.075844,0.062166,0.061111,0.063218,0.063369
0.067176,0.055721,0.065708,0.074731,0.067664,0.068889,0.091101,0.060811,0.058131,0.070335,0.069622,0.0635,0.058864,0.059837,0.067909
0.067098,0.059719,0.059162,0.060086,0.073529,0.077267,0.072226,0.05307,0.061377,0.073008,0.085176,0.090565,0.057685,0.042936,0.067098
0.054482,0.06449,0.06116,0.061678,0.059627,0.062947,0.059627,0.062185,0.070367,0.069342,0.085726,0.072926,0.069596,0.077017,0.06883
0.073363,0.063804,0.067834,0.066996,0.067164,0.069174,0.067666,0.066494,0.065312,0.068504,0.077066,0.067331,0.061955,0.048497,0.068839
0.076126,0.070906,0.062055,0.054507,0.060984,0.070047,0.068097,0.065306,0.067885,0.058822,0.086196,0.064875,0.064012,0.064227,0.065954
0.063369,0.06744,0.080644,0.070488,0.067836,0.057096,0.073934,0.07984,0.05887,0.06744,0.05887,0.049685,0.068243,0.054173,0.082074
0.053,0.059921,0.069263,0.073473,0.070991,0.070247,0.069511,0.065948,0.067419,0.070247,0.061153,0.068775,0.066436,0.068403,0.065213
0.067704,0.06219,0.063061,0.066553,0.070326,0.069452,0.063061,0.06161,0.058438,0.071196,0.067704,0.070616,0.065102,0.069161,0.073828
0.081344,0.075646,0.064592,0.066374,0.067099,0.065297,0.064592,0.063515,0.068166,0.053558,0.052149,0.072807,0.068881,0.068166,0.067814
0.072944,0.064598,0.068768,0.068768,0.074609,0.06821,0.066538,0.065155,0.069046,0.059861,0.060377,0.065981,0.064041,0.055939,0.075166
0.070804,0.068872,0.068872,0.068597,0.068041,0.069698,0.069423,0.06363,0.060609,0.062537,0.069698,0.063083,0.060053,0.059516,0.076567
0.066852,0.069861,0.0604,0.057127,0.064888,0.070252,0.070516,0.069207,0.071033,0.066071,0.074305,0.061139,0.068425,0.057971,0.071952
0.086743,0.069849,0.055182,0.049151,0.062409,0.067374,0.094985,0.06847,0.072329,0.057393,0.08805,0.041412,0.066821,0.044728,0.075104
0.060047,0.078061,0.079864,0.071606,0.054073,0.055309,0.073148,0.077289,0.079864,0.067999,0.051704,0.057369,0.058193,0.065156,0.070316
0.055802,0.077493,0.075667,0.062099,0.051662,0.056054,0.07471,0.079928,0.073927,0.064908,0.060396,0.063203,0.067039,0.073231,0.063882
0.054839,0.081489,0.078971,0.062993,0.053517,0.054839,0.074473,0.081579,0.074563,0.065434,0.055855,0.061665,0.064724,0.070129,0.06493
0.074146,0.064925,0.06516,0.068213,0.068453,0.070573,0.069869,0.066815,0.068925,0.063981,0.076738,0.062085,0.054522,0.059252,0.066343
0.074388,0.067894,0.06351,0.054866,0.068702,0.06741,0.082632,0.078924,0.069358,0.065298,0.072277,0.047259,0.066111,0.053155,0.068217
0.073584,0.069299,0.068225,0.053895,0.08172,0.032832,0.085178,0.08172,0.071219,0.06266,0.071866,0.054308,0.066935,0.049765,0.076795
0.066775,0.066775,0.059811,0.059811,0.062781,0.071371,0.091823,0.066775,0.072565,0.066173,0.085902,0.049675,0.057402,0.054191,0.06817
0.067951,0.064341,0.065753,0.055499,0.068349,0.060929,0.077191,0.068349,0.070766,0.061337,0.080761,0.064341,0.067354,0.053509,0.073571
0.06038,0.064461,0.068084,0.071146,0.072172,0.06922,0.069111,0.063894,0.066503,0.069783,0.068202,0.06514,0.063668,0.061733,0.066503
0.070382,0.066686,0.065625,0.067612,0.069195,0.05941,0.084088,0.071578,0.058349,0.061389,0.079052,0.054653,0.063242,0.057162,0.071578
0.078926,0.068367,0.058802,0.063719,0.067632,0.082343,0.071317,0.06053,0.043009,0.066659,0.074754,0.061514,0.069598,0.061514,0.071317
0.076113,0.060884,0.064315,0.057629,0.061098,0.063673,0.10068,0.072468,0.055296,0.070748,0.082507,0.046744,0.061098,0.056851,0.069893
0.072757,0.066341,0.053064,0.053064,0.07811,0.069551,0.098386,0.06184,0.049348,0.065918,0.08067,0.049348,0.069768,0.06122,0.070615
0.049768,0.041915,0.065219,0.076616,0.084322,0.072061,0.05821,0.060144,0.071335,0.080101,0.073926,0.069578,0.063668,0.061705,0.071433
0.070596,0.06295,0.063643,0.066607,0.065208,0.068167,0.078214,0.072507,0.053743,0.072341,0.075075,0.048018,0.064861,0.063643,0.074428
0.065727,0.063518,0.064753,0.064572,0.067324,0.066531,0.077788,0.062805,0.06156,0.074334,0.076463,0.060274,0.067856,0.062092,0.064402
0.061714,0.068591,0.070442,0.07306,0.063037,0.070971,0.077074,0.074155,0.070178,0.062772,0.04898,0.068591,0.064361,0.063037,0.063037
0.072696,0.066301,0.060962,0.057439,0.065235,0.072696,0.078272,0.068553,0.067367,0.068315,0.07543,0.05655,0.064998,0.055563,0.06962
0.063086,0.067646,0.068831,0.071185,0.069567,0.069273,0.068675,0.066028,0.062783,0.06691,0.070008,0.064409,0.062195,0.065587,0.063819
0.074933,0.068781,0.064934,0.059383,0.068781,0.064934,0.07974,0.075509,0.070514,0.060127,0.072054,0.050743,0.066662,0.05124,0.071666
0.070536,0.064675,0.058986,0.061456,0.064675,0.067694,0.08528,0.072613,0.071104,0.058087,0.073743,0.062965,0.074883,0.051088,0.062216
0.08464,0.077029,0.056442,0.065749,0.072499,0.069399,0.066593,0.06011,0.06265,0.061522,0.071939,0.055882,0.069115,0.062934,0.063498
0.080482,0.07373,0.068452,0.060236,0.069329,0.070793,0.061113,0.073143,0.05465,0.067557,0.065211,0.069627,0.059061,0.059648,0.066969
0.068498,0.075551,0.066001,0.068498,0.071677,0.066001,0.058194,0.066705,0.070617,0.068142,0.058908,0.070971,0.055035,0.064585,0.070617
0.083085,0.073257,0.052172,0.062175,0.066129,0.070884,0.059772,0.061415,0.067187,0.064281,0.074058,0.066129,0.063223,0.058745,0.077488
0.07346,0.074685,0.051382,0.047126,0.055222,0.063557,0.05927,0.058336,0.06389,0.074685,0.083871,0.080695,0.07346,0.064554,0.075806
0.062442,0.072835,0.058878,0.062442,0.064664,0.063775,0.068079,0.074177,0.06957,0.070015,0.076698,0.0611,0.063476,0.066441,0.065407
0.066609,0.065623,0.067483,0.067815,0.070329,0.070108,0.066498,0.06387,0.07066,0.069122,0.07066,0.062235,0.064417,0.05567,0.068901
0.077311,0.078621,0.066572,0.04936,0.047488,0.069615,0.078621,0.06976,0.063961,0.056848,0.072523,0.067005,0.067724,0.063961,0.070631
0.070834,0.067897,0.065366,0.056694,0.061097,0.06363,0.07023,0.066965,0.062901,0.065827,0.073501,0.065366,0.071093,0.069568,0.069031
0.077828,0.077828,0.071609,0.044546,0.050025,0.063612,0.078934,0.069609,0.072501,0.058042,0.083815,0.048605,0.064272,0.062273,0.076499
0.062224,0.064721,0.071863,0.073454,0.067876,0.065004,0.068743,0.069025,0.07204,0.071332,0.063854,0.062224,0.060982,0.062512,0.064146
0.072791,0.062202,0.069102,0.068668,0.069816,0.068812,0.066082,0.064644,0.068098,0.062921,0.0746,0.066082,0.062202,0.059336,0.064644
0.07721,0.075026,0.073123,0.064407,0.067683,0.070674,0.068224,0.083752,0.069586,0.0051093,0.06604,0.069046,0.069859,0.069586,0.070674
0.069058,0.077079,0.071741,0.057049,0.062387,0.061857,0.095372,0.066922,0.054346,0.058381,0.072542,0.067724,0.057822,0.057049,0.07067
0.066672,0.063546,0.060748,0.059602,0.058121,0.061407,0.057472,0.059277,0.068637,0.070443,0.07455,0.076699,0.074215,0.078991,0.069621
0.078248,0.057116,0.04769,0.051116,0.064414,0.078618,0.061441,0.054542,0.045467,0.063673,0.088527,0.085564,0.080007,0.07797,0.065606
0.067145,0.068494,0.065805,0.066902,0.066049,0.067145,0.064701,0.066293,0.064701,0.066902,0.068128,0.067763,0.065066,0.068737,0.066171
0.058359,0.062439,0.070369,0.065833,0.064926,0.072408,0.067419,0.0681,0.065155,0.067419,0.076726,0.062439,0.06221,0.062887,0.073314
0.078154,0.080811,0.06704,0.057905,0.059939,0.067242,0.071704,0.064592,0.068863,0.06277,0.058318,0.06846,0.064998,0.069266,0.059939
0.077077,0.064984,0.063494,0.051828,0.047746,0.074846,0.083817,0.077077,0.062706,0.057817,0.062886,0.070395,0.068648,0.069426,0.067253
0.06933,0.070384,0.051584,0.051584,0.052856,0.064907,0.070592,0.075833,0.074379,0.070384,0.082644,0.070384,0.065334,0.06933,0.060475
0.069235,0.071296,0.061996,0.046999,0.067165,0.062775,0.096492,0.095594,0.047797,0.067684,0.091204,0.033428,0.068463,0.047797,0.072075
0.047112,0.040355,0.054151,0.074178,0.088687,0.07461,0.061452,0.05462,0.071785,0.082306,0.087092,0.069064,0.06363,0.063085,0.067872
0.072769,0.068875,0.067702,0.061982,0.06926,0.062501,0.085758,0.07199,0.053262,0.058079,0.073029,0.058473,0.067442,0.057012,0.071865
0.066044,0.060134,0.084904,0.07027,0.069423,0.067456,0.055013,0.080718,0.068583,0.060134,0.066891,0.06323,0.057642,0.059569,0.069988
0.068275,0.069307,0.091405,0.056004,0.07266,0.058524,0.068447,0.065248,0.058696,0.057182,0.084182,0.062393,0.061886,0.067604,0.058188
0.083316,0.070344,0.063492,0.062778,0.067628,0.07165,0.071302,0.062639,0.071476,0.068342,0.071737,0.059357,0.061075,0.056362,0.058504
0.077298,0.076794,0.056366,0.058321,0.056366,0.046183,0.076126,0.07663,0.052766,0.050915,0.068576,0.076126,0.07411,0.077298,0.076126
0.078907,0.082814,0.038726,0.031966,0.045486,0.045486,0.082699,0.082814,0.055912,0.047204,0.081897,0.080745,0.079939,0.080745,0.084659
0.066675,0.066195,0.053504,0.065235,0.061885,0.068826,0.091607,0.072426,0.059205,0.058805,0.090107,0.048904,0.070985,0.050104,0.075536
0.071888,0.067774,0.077177,0.051109,0.061311,0.056832,0.086333,0.093141,0.049925,0.063077,0.075016,0.04736,0.05994,0.05545,0.083669
0.076016,0.070367,0.068546,0.061895,0.076425,0.07077,0.083885,0.061895,0.054226,0.060477,0.07279,0.048933,0.068147,0.052029,0.073599
0.072176,0.070572,0.072055,0.061918,0.06402,0.066122,0.066363,0.062904,0.06402,0.065871,0.069459,0.06034,0.069209,0.059334,0.075636
0.059123,0.060974,0.066526,0.067352,0.064676,0.067561,0.068586,0.066118,0.078293,0.068994,0.078021,0.065293,0.062008,0.064267,0.062208
0.075065,0.070445,0.066824,0.052743,0.074457,0.067624,0.084125,0.065417,0.058007,0.064212,0.087364,0.040898,0.068231,0.052135,0.072453
0.069875,0.06455,0.070541,0.061215,0.058745,0.06011,0.087819,0.10056,0.041918,0.065436,0.069875,0.056356,0.076757,0.050581,0.065656
0.072391,0.069449,0.072046,0.058184,0.067885,0.069449,0.069961,0.069449,0.056974,0.069449,0.078293,0.049899,0.067541,0.053716,0.075314
0.059957,0.056699,0.061219,0.058505,0.061219,0.068122,0.069029,0.067544,0.075297,0.071173,0.080905,0.070431,0.069359,0.075297,0.055248
0.070748,0.061781,0.07287,0.06943,0.068111,0.063102,0.058359,0.07101,0.078378,0.07101,0.082351,0.068373,0.058883,0.037744,0.067849
0.055492,0.059897,0.068947,0.059897,0.059609,0.054819,0.073198,0.072486,0.065696,0.062013,0.067112,0.078478,0.078189,0.080305,0.06386
0.059471,0.061529,0.064796,0.067858,0.0652,0.056207,0.068272,0.06704,0.068879,0.070313,0.076473,0.071369,0.069697,0.070753,0.062143
0.063267,0.063267,0.059094,0.060252,0.064435,0.063738,0.066988,0.060252,0.063738,0.06676,0.079319,0.076775,0.074656,0.074656,0.062805
0.057381,0.065958,0.073591,0.071331,0.060869,0.059596,0.055477,0.067532,0.075422,0.06437,0.064052,0.076429,0.069116,0.074507,0.06437
0.072648,0.063058,0.072907,0.057498,0.064391,0.069711,0.099775,0.062521,0.030738,0.056105,0.09311,0.054314,0.080875,0.058492,0.063854
0.06,0.060543,0.069408,0.070209,0.062688,0.069537,0.065781,0.065514,0.068469,0.065514,0.069942,0.068202,0.071286,0.071829,0.061077
0.059779,0.062615,0.071326,0.074163,0.07307,0.059779,0.073942,0.06632,0.068499,0.066974,0.065663,0.065663,0.063487,0.063487,0.065232
0.073234,0.073508,0.069084,0.065245,0.060539,0.062007,0.071437,0.064365,0.066722,0.066129,0.066722,0.062007,0.062007,0.0682,0.068793
0.07609,0.065597,0.06686,0.060978,0.067702,0.07147,0.095137,0.052756,0.052756,0.059509,0.071891,0.060978,0.066654,0.062661,0.068961
0.08067,0.072226,0.062486,0.06358,0.067968,0.06812,0.063424,0.062798,0.070627,0.06609,0.076897,0.06233,0.057646,0.058266,0.066872
0.077823,0.070214,0.064765,0.064765,0.06972,0.07005,0.081577,0.07005,0.058321,0.058651,0.067248,0.048067,0.068402,0.055181,0.075168
0.072205,0.07187,0.063688,0.064858,0.041747,0.069209,0.086706,0.072372,0.049931,0.061844,0.085877,0.054593,0.070038,0.056664,0.078398
0.067921,0.059013,0.05559,0.050926,0.052978,0.066484,0.074272,0.077136,0.063602,0.06045,0.093552,0.069954,0.070532,0.071679,0.06591
0.079558,0.061829,0.059727,0.07172,0.070522,0.07172,0.083094,0.065728,0.048029,0.059128,0.068124,0.062428,0.078016,0.046261,0.074116
0.075113,0.070479,0.061495,0.064358,0.06622,0.068371,0.064786,0.063641,0.062924,0.065932,0.064506,0.072228,0.06636,0.071091,0.062495
0.073041,0.073641,0.062312,0.060044,0.067056,0.066028,0.064581,0.064787,0.069702,0.063965,0.079206,0.065814,0.062106,0.067672,0.060044
0.06982,0.062587,0.057763,0.058638,0.063244,0.066536,0.061052,0.062368,0.068068,0.066755,0.079066,0.074425,0.069382,0.075301,0.064995
0.070396,0.0689,0.0689,0.067908,0.06816,0.066681,0.06816,0.062495,0.073355,0.069874,0.077271,0.055839,0.060768,0.060033,0.061261
0.070115,0.073119,0.060077,0.055733,0.058718,0.066316,0.082057,0.065771,0.048716,0.053275,0.06713,0.06822,0.068488,0.06957,0.092694
0.068572,0.06877,0.062705,0.061913,0.064859,0.062318,0.064273,0.056253,0.072104,0.067202,0.087093,0.0674,0.066229,0.069175,0.061133
0.064212,0.061697,0.062091,0.060104,0.054509,0.057859,0.062091,0.059308,0.072023,0.067518,0.079749,0.076659,0.075728,0.078405,0.068048
0.067385,0.063941,0.062336,0.061417,0.060952,0.070377,0.069688,0.066001,0.066466,0.066698,0.057761,0.060952,0.076564,0.077018,0.072444
0.072405,0.071437,0.068032,0.068775,0.067787,0.036494,0.07217,0.069255,0.069499,0.070468,0.056434,0.070468,0.067063,0.072405,0.067308
0.060937,0.064789,0.064338,0.065913,0.064112,0.065469,0.067264,0.058,0.064789,0.07088,0.063433,0.0765,0.074506,0.078131,0.060937
0.067633,0.073424,0.061835,0.066184,0.069564,0.067149,0.074149,0.065942,0.063045,0.062321,0.072948,0.065942,0.058699,0.06498,0.066184
0.067264,0.06817,0.066899,0.067984,0.066988,0.06626,0.06626,0.065895,0.063629,0.066899,0.06889,0.066349,0.065175,0.066349,0.066988
0.075953,0.077661,0.06816,0.059693,0.065337,0.069922,0.073436,0.062868,0.063222,0.05581,0.075593,0.063926,0.058102,0.06375,0.066569
0.054692,0.055525,0.056792,0.058675,0.066814,0.067064,0.072479,0.069563,0.072479,0.070813,0.088724,0.07023,0.068313,0.072312,0.055525
0.07009,0.070642,0.066877,0.06212,0.063225,0.055283,0.070642,0.07009,0.069312,0.066329,0.072963,0.06146,0.063783,0.064331,0.072852
0.070326,0.06063,0.063073,0.061593,0.058095,0.072553,0.078677,0.096014,0.059312,0.052823,0.082631,0.042786,0.065121,0.061218,0.075148
0.06395,0.066132,0.066256,0.066379,0.066379,0.065531,0.066379,0.06978,0.065037,0.067112,0.077023,0.065531,0.063341,0.066618,0.064551
0.062869,0.065739,0.067856,0.067226,0.067357,0.067357,0.0686,0.067602,0.066605,0.066981,0.07735,0.065109,0.063866,0.066106,0.059377
0.067403,0.054747,0.055818,0.05393,0.060939,0.07118,0.068484,0.062827,0.069292,0.066332,0.086252,0.076265,0.070636,0.07118,0.064716
0.058659,0.073112,0.067996,0.049294,0.063461,0.072511,0.082419,0.075528,0.050772,0.066783,0.099475,0.057476,0.066182,0.056786,0.059547
0.078448,0.071229,0.068386,0.067429,0.067619,0.070092,0.066865,0.066297,0.066487,0.065345,0.060996,0.060238,0.064028,0.06346,0.063081
0.057715,0.062425,0.069013,0.072914,0.070227,0.068213,0.068746,0.064441,0.068479,0.069151,0.069694,0.06498,0.063634,0.063903,0.066464
0.072842,0.062304,0.071241,0.070292,0.06869,0.069648,0.065813,0.066772,0.06613,0.062304,0.070608,0.069648,0.060702,0.059427,0.063579
0.056663,0.05726,0.063682,0.068096,0.06221,0.074259,0.073086,0.068096,0.066326,0.067211,0.055769,0.077778,0.073672,0.07573,0.060163
0.074698,0.053006,0.054367,0.066203,0.076695,0.076241,0.059931,0.051009,0.062627,0.068218,0.067319,0.078964,0.071576,0.073609,0.06554
0.065366,0.064135,0.054581,0.053269,0.059524,0.070626,0.074022,0.056699,0.06013,0.06815,0.070934,0.077109,0.070934,0.081114,0.073407
0.067419,0.04286,0.046368,0.070804,0.085625,0.083539,0.065523,0.05092,0.062545,0.074862,0.073374,0.078513,0.068225,0.064166,0.065257
0.06991,0.071341,0.06909,0.068469,0.065806,0.069495,0.068261,0.065191,0.067451,0.067451,0.05453,0.068469,0.065396,0.068261,0.060878
0.063408,0.066051,0.064293,0.060795,0.066702,0.064293,0.073951,0.070664,0.062758,0.062758,0.082348,0.05988,0.0678,0.063195,0.071104
0.074825,0.068061,0.084223,0.062158,0.063034,0.060197,0.083829,0.065871,0.057331,0.067408,0.078539,0.049943,0.070905,0.05477,0.058907
0.071953,0.071953,0.066133,0.052544,0.061698,0.064749,0.067521,0.06974,0.068908,0.063355,0.085006,0.068351,0.060304,0.051667,0.076116
0.071098,0.058018,0.060531,0.061055,0.069202,0.080889,0.071915,0.077088,0.060007,0.057494,0.062416,0.065673,0.065673,0.065673,0.07327
0.052172,0.057932,0.065358,0.069927,0.069213,0.069927,0.071612,0.066801,0.071136,0.075449,0.055314,0.070175,0.068966,0.071136,0.064882
0.058649,0.068908,0.070391,0.072813,0.068636,0.065941,0.068364,0.06459,0.066075,0.069988,0.059728,0.06648,0.066075,0.068364,0.064997
0.062683,0.062683,0.065594,0.071666,0.071666,0.072249,0.07572,0.062683,0.065015,0.063276,0.074272,0.068769,0.061235,0.064724,0.057764
0.054319,0.055838,0.064224,0.069171,0.070662,0.0667,0.06372,0.061992,0.071906,0.071906,0.079294,0.06769,0.061745,0.068184,0.072647
0.073281,0.066972,0.059825,0.059014,0.064728,0.067578,0.064121,0.06207,0.065748,0.058399,0.082655,0.069814,0.066972,0.065543,0.073281
0.067678,0.065178,0.05272,0.057309,0.064973,0.064143,0.063313,0.074951,0.071417,0.070587,0.077655,0.064973,0.062894,0.069337,0.072871
0.058692,0.070484,0.077751,0.078326,0.06872,0.060897,0.069305,0.070638,0.071663,0.069458,0.063553,0.058395,0.057657,0.061933,0.062527
0.079406,0.072759,0.067434,0.070748,0.069812,0.068028,0.063157,0.061842,0.068623,0.067311,0.067311,0.061605,0.057088,0.061367,0.063507
0.071289,0.069551,0.058101,0.065225,0.067996,0.064357,0.065225,0.05897,0.06036,0.065225,0.070246,0.072853,0.070941,0.074261,0.065399
0.067991,0.07007,0.06903,0.070362,0.068583,0.069331,0.068583,0.065026,0.065911,0.068136,0.063395,0.063692,0.063395,0.063247,0.063247
0.063238,0.058648,0.054475,0.063638,0.067595,0.072002,0.068177,0.060852,0.066597,0.066024,0.072417,0.080482,0.075993,0.077572,0.052289
0.07278,0.073675,0.068526,0.068526,0.066307,0.068526,0.071301,0.060583,0.065394,0.068161,0.064282,0.063726,0.060948,0.065577,0.061688
0.068191,0.069323,0.057759,0.071865,0.065935,0.064803,0.074361,0.052695,0.063112,0.066221,0.079443,0.066782,0.067068,0.077214,0.055227
0.061538,0.062703,0.062038,0.060877,0.062869,0.062869,0.063699,0.063369,0.067191,0.069692,0.075471,0.07431,0.071809,0.080026,0.061538
0.06357,0.060697,0.068789,0.060697,0.062921,0.05926,0.068395,0.070482,0.072578,0.069438,0.076249,0.062518,0.06618,0.071004,0.067223
0.062761,0.066612,0.068735,0.067382,0.066809,0.06989,0.067195,0.067965,0.07067,0.068735,0.070087,0.062179,0.058516,0.061794,0.07067
0.060877,0.061763,0.059874,0.063901,0.06718,0.069326,0.069922,0.063271,0.065417,0.06856,0.071881,0.072477,0.072988,0.07912,0.053442
0.082201,0.060306,0.065642,0.057612,0.060721,0.070761,0.09077,0.05927,0.04352,0.079279,0.079279,0.058545,0.064668,0.053985,0.073442
0.066174,0.072872,0.070033,0.066174,0.064154,0.069221,0.069423,0.069828,0.063746,0.059715,0.06699,0.064154,0.062521,0.062929,0.072066
0.077227,0.066181,0.063647,0.056056,0.066181,0.069408,0.08367,0.061848,0.043852,0.063647,0.087394,0.053781,0.079306,0.057711,0.070091
0.069458,0.064551,0.055206,0.051947,0.051276,0.064761,0.058148,0.064551,0.074365,0.066264,0.089039,0.074365,0.068825,0.072237,0.075007
0.055172,0.056666,0.053302,0.058921,0.065279,0.053857,0.068267,0.067336,0.07128,0.069402,0.083488,0.080329,0.073671,0.084853,0.058177
0.063532,0.060954,0.066567,0.060019,0.068458,0.067751,0.069626,0.064696,0.071264,0.071264,0.076877,0.062596,0.059511,0.060954,0.075931
0.056087,0.065129,0.068845,0.068613,0.066297,0.068613,0.06816,0.065129,0.066761,0.065129,0.075149,0.065593,0.062562,0.065361,0.072571
0.063511,0.068115,0.062278,0.064125,0.065049,0.067819,0.063205,0.065049,0.073341,0.067513,0.075509,0.069042,0.062278,0.064125,0.069042
0.06617,0.074778,0.069856,0.055399,0.052619,0.062164,0.065552,0.069856,0.073244,0.059415,0.088968,0.060959,0.06065,0.06065,0.079721
0.071347,0.072383,0.059459,0.060749,0.062313,0.06463,0.055587,0.056878,0.067993,0.064118,0.077255,0.074983,0.061795,0.074983,0.075528
0.076663,0.07828,0.087448,0.079898,0.070524,0.073517,0.062486,0.050689,0.064898,0.069455,0.048802,0.054976,0.060611,0.066777,0.054976
0.07696,0.069227,0.069227,0.071943,0.070353,0.065614,0.071943,0.060858,0.065166,0.062212,0.069454,0.06584,0.063348,0.055188,0.062666
0.070971,0.074513,0.070306,0.060549,0.062102,0.073181,0.071193,0.061659,0.067859,0.066532,0.060105,0.062546,0.065422,0.066088,0.066972
0.072047,0.064709,0.059155,0.067753,0.074532,0.065242,0.071337,0.054497,0.071692,0.063458,0.066857,0.07675,0.067575,0.065242,0.059155
0.075485,0.075703,0.075485,0.058721,0.067212,0.080796,0.088653,0.079091,0.044586,0.05976,0.071244,0.037935,0.058721,0.057058,0.06955
0.068558,0.070488,0.061568,0.051742,0.070247,0.055552,0.09496,0.079868,0.051742,0.069525,0.077221,0.050538,0.067836,0.049034,0.081122
0.068636,0.069407,0.079185,0.052677,0.06479,0.06479,0.066844,0.052677,0.073014,0.065822,0.093847,0.061705,0.058332,0.057836,0.070435
0.071116,0.061958,0.072569,0.049938,0.077388,0.070635,0.089386,0.061958,0.056385,0.055183,0.080513,0.060975,0.065127,0.048518,0.07835
0.060636,0.064032,0.071526,0.072437,0.067438,0.066531,0.07062,0.0663,0.070846,0.069484,0.066985,0.057643,0.059961,0.06381,0.071751
0.048565,0.062911,0.084625,0.085885,0.080554,0.059606,0.053896,0.06898,0.079487,0.073758,0.072101,0.056707,0.050794,0.057192,0.064937
0.060132,0.06425,0.068378,0.072879,0.07081,0.070466,0.073569,0.064591,0.06631,0.067344,0.062526,0.069431,0.063216,0.06631,0.059787
0.063477,0.065551,0.067279,0.063477,0.056334,0.061519,0.060943,0.090446,0.061519,0.067279,0.07206,0.063477,0.065551,0.067279,0.073811
0.050565,0.058385,0.073119,0.070152,0.067843,0.068915,0.074768,0.073779,0.077488,0.070976,0.058266,0.066112,0.067514,0.066937,0.055181
0.06269,0.052355,0.048253,0.052941,0.057239,0.061391,0.076071,0.05763,0.049425,0.056751,0.080487,0.090254,0.089668,0.096115,0.06873
0.071481,0.08606,0.063563,0.060242,0.069175,0.058749,0.071216,0.066363,0.05922,0.05922,0.08046,0.059731,0.061775,0.061264,0.071481
0.052956,0.056483,0.063171,0.058861,0.060495,0.060199,0.064211,0.072971,0.069865,0.066886,0.077279,0.071346,0.075933,0.082306,0.067038
0.072798,0.067013,0.063863,0.058594,0.067369,0.066844,0.062983,0.063685,0.068072,0.063863,0.073866,0.07035,0.064913,0.070875,0.064913
0.067123,0.065844,0.071378,0.070246,0.067693,0.070948,0.066127,0.067693,0.073642,0.069533,0.063297,0.060457,0.057871,0.059179,0.068968
0.050808,0.05164,0.06327,0.063344,0.062725,0.069404,0.070023,0.068702,0.06606,0.068388,0.069552,0.07806,0.07843,0.079353,0.06024
0.053008,0.056234,0.067642,0.071491,0.063379,0.060267,0.064416,0.062457,0.073001,0.075144,0.068679,0.068103,0.068679,0.072782,0.074718
0.059228,0.061509,0.059642,0.06263,0.058501,0.063543,0.063543,0.064009,0.071125,0.071819,0.050929,0.080336,0.074807,0.077348,0.081031
0.068786,0.068562,0.066103,0.073936,0.071695,0.066103,0.083992,0.057118,0.056028,0.060063,0.071923,0.05335,0.059617,0.069233,0.07349
0.064934,0.06474,0.063188,0.066487,0.064546,0.069946,0.069609,0.06377,0.065904,0.066099,0.06242,0.071887,0.069018,0.071549,0.065904
0.081647,0.072265,0.062255,0.066653,0.06585,0.067844,0.066247,0.062787,0.066518,0.062787,0.068115,0.065453,0.060266,0.061069,0.070244
0.067876,0.059202,0.057347,0.04918,0.060703,0.069846,0.062676,0.059549,0.057116,0.063828,0.072705,0.087441,0.082115,0.08682,0.063597
0.050509,0.054626,0.062469,0.056333,0.065461,0.066716,0.066244,0.066244,0.067509,0.076155,0.07238,0.075844,0.072229,0.075211,0.072068
0.057949,0.046417,0.05914,0.075091,0.084791,0.077911,0.061224,0.049615,0.06261,0.079946,0.041959,0.082465,0.080624,0.079267,0.060991
0.054665,0.057182,0.051573,0.059707,0.066096,0.065707,0.056801,0.059318,0.059123,0.068232,0.074258,0.085512,0.08622,0.093575,0.062032
0.059155,0.065516,0.069212,0.071955,0.069569,0.067425,0.066228,0.067059,0.06945,0.071955,0.055297,0.0679,0.065872,0.064675,0.068734
0.06008,0.061822,0.061822,0.061623,0.064144,0.073991,0.063945,0.070507,0.06976,0.072829,0.05137,0.080875,0.07341,0.079548,0.054274
0.044789,0.061712,0.075919,0.078308,0.068714,0.068512,0.070419,0.062511,0.074821,0.064611,0.046811,0.072317,0.074022,0.07302,0.063513
0.068505,0.0717,0.072615,0.075351,0.0676,0.066908,0.063491,0.071244,0.068058,0.069421,0.054113,0.058893,0.063491,0.057367,0.071244
0.08099,0.067701,0.082279,0.064572,0.060495,0.061596,0.095425,0.080064,0.047382,0.060495,0.068439,0.050798,0.063139,0.042644,0.073982
0.050681,0.054162,0.071359,0.071932,0.072122,0.071359,0.066203,0.069448,0.074045,0.073267,0.04208,0.072888,0.067544,0.069448,0.073462
0.053169,0.053169,0.063538,0.067744,0.0689,0.069725,0.069403,0.068157,0.070224,0.072696,0.066676,0.067008,0.070468,0.0689,0.070224
0.067283,0.066441,0.072546,0.062861,0.064534,0.064119,0.070021,0.074866,0.049863,0.066015,0.070021,0.066015,0.066015,0.064534,0.074866
0.071017,0.066015,0.022563,0.047414,0.066015,0.074344,0.079886,0.076559,0.047414,0.070185,0.089005,0.082652,0.067128,0.066015,0.073788
0.069733,0.074057,0.06648,0.06348,0.064571,0.06946,0.078108,0.061045,0.062126,0.062126,0.058046,0.072158,0.064026,0.065934,0.068649
0.063794,0.067794,0.060128,0.047901,0.072694,0.065944,0.071467,0.062876,0.066549,0.078217,0.078858,0.061649,0.06502,0.071778,0.065331
0.067663,0.066722,0.063432,0.063432,0.068688,0.068604,0.063898,0.065626,0.065155,0.06743,0.06908,0.068371,0.066256,0.068213,0.06743
0.052728,0.047621,0.067695,0.067527,0.074414,0.070046,0.064344,0.067695,0.073574,0.079285,0.046278,0.080209,0.074582,0.073406,0.060598
0.065665,0.05921,0.099564,0.048315,0.067074,0.075465,0.082742,0.06763,0.049097,0.058682,0.086654,0.05921,0.062858,0.053009,0.064824
0.062104,0.06532,0.066635,0.072052,0.074093,0.071902,0.06942,0.066343,0.064004,0.071902,0.06123,0.061521,0.062104,0.065028,0.066343
0.080949,0.0649,0.062967,0.050543,0.051046,0.074838,0.079258,0.072089,0.056886,0.070436,0.057993,0.050543,0.087795,0.066833,0.072925
0.067121,0.07047,0.075299,0.075442,0.07047,0.067998,0.072666,0.067998,0.067998,0.068141,0.05295,0.059224,0.055992,0.05776,0.07047
0.076771,0.073362,0.062229,0.060293,0.065662,0.068868,0.065234,0.065234,0.07036,0.077243,0.056186,0.063721,0.061795,0.064807,0.068235
0.05742,0.071973,0.069327,0.068535,0.061389,0.062182,0.067734,0.065358,0.06377,0.066411,0.061128,0.07254,0.070911,0.0765,0.064827
0.065825,0.066432,0.076299,0.063438,0.076,0.069426,0.058027,0.059261,0.073015,0.080785,0.066432,0.060702,0.055352,0.053911,0.075095
0.06134,0.060249,0.068428,0.072806,0.067882,0.064615,0.067882,0.065426,0.064064,0.06134,0.077955,0.066247,0.063253,0.066247,0.072265
0.057283,0.057283,0.052618,0.051623,0.066224,0.064841,0.05608,0.05505,0.059172,0.074316,0.075853,0.085979,0.083538,0.093573,0.066568
0.05527,0.043183,0.06017,0.074739,0.081106,0.071888,0.060576,0.052594,0.06017,0.075016,0.073125,0.079537,0.073743,0.074186,0.064697
0.072568,0.058231,0.049869,0.075368,0.085231,0.0756,0.066704,0.068356,0.019243,0.068588,0.077474,0.074663,0.069527,0.066472,0.072104
0.05827,0.059209,0.060341,0.061085,0.068061,0.073556,0.072372,0.06916,0.072034,0.074486,0.046416,0.078037,0.075754,0.073894,0.057323
0.070538,0.073319,0.074062,0.052801,0.06832,0.074805,0.073872,0.067959,0.070538,0.071834,0.037543,0.066845,0.064626,0.063884,0.069053
0.070499,0.071133,0.074939,0.058405,0.064154,0.074939,0.068274,0.071768,0.068915,0.073993,0.057184,0.064154,0.064784,0.049858,0.067003
0.069929,0.073063,0.075432,0.071751,0.064185,0.071496,0.069146,0.063665,0.070713,0.070713,0.027239,0.072015,0.06654,0.070448,0.063665
0.063845,0.0685,0.065398,0.069386,0.065615,0.068943,0.0685,0.067388,0.067171,0.067388,0.059411,0.068057,0.065398,0.070047,0.064955
0.075346,0.073928,0.070297,0.059403,0.057351,0.06729,0.0765,0.075507,0.065238,0.057985,0.070136,0.062561,0.060349,0.062874,0.065238
0.081047,0.06558,0.066414,0.045067,0.051188,0.071672,0.056714,0.074166,0.072507,0.06558,0.091897,0.064471,0.058931,0.06226,0.072507
0.067222,0.061452,0.069209,0.062445,0.069209,0.074577,0.070803,0.071798,0.06364,0.064633,0.066229,0.062847,0.064242,0.058903,0.072791
0.038515,0.055304,0.076932,0.072023,0.065407,0.053625,0.061476,0.068586,0.07865,0.074235,0.082363,0.06516,0.064172,0.070789,0.072764
0.053008,0.056072,0.065033,0.068113,0.069267,0.073055,0.068361,0.067125,0.063855,0.071408,0.070008,0.063855,0.07495,0.081703,0.054186
0.060523,0.074164,0.076123,0.06806,0.06473,0.061657,0.086403,0.048563,0.069174,0.061142,0.069174,0.06306,0.06306,0.071663,0.062503
0.078086,0.064473,0.06371,0.069558,0.057503,0.060988,0.062512,0.077694,0.07459,0.073043,0.071889,0.060225,0.066836,0.04585,0.073043
0.059733,0.065101,0.079747,0.074855,0.063156,0.059733,0.063642,0.073397,0.081887,0.070216,0.061201,0.057087,0.057574,0.05806,0.074612
0.051047,0.05284,0.064146,0.061172,0.061172,0.063323,0.0648,0.071993,0.071012,0.067742,0.075104,0.073136,0.072809,0.075262,0.074445
0.072429,0.068097,0.063955,0.059832,0.062044,0.079863,0.081744,0.071559,0.050527,0.063254,0.075021,0.052528,0.059832,0.066716,0.072599
0.069342,0.071643,0.06297,0.047734,0.064739,0.056044,0.070492,0.070492,0.059561,0.071643,0.087796,0.072219,0.055192,0.059561,0.080572
0.067787,0.093117,0.066699,0.066699,0.059483,0.069327,0.064284,0.067787,0.064943,0.053994,0.073945,0.059483,0.059483,0.055291,0.077678
0.056,0.071847,0.070605,0.064084,0.061907,0.058453,0.062837,0.06998,0.073086,0.062837,0.07278,0.067497,0.064084,0.071847,0.072158
