0.29511,0.3355,0.3694
0.26411,0.36967,0.36622
0.34291,0.45931,0.19779
0.32626,0.31471,0.35902
0.31304,0.308,0.37896
0.35954,0.43393,0.20653
0.23772,0.34993,0.41235
0.31171,0.45772,0.23057
0.28953,0.34272,0.36775
0.38177,0.3386,0.27963
0.29259,0.25434,0.45307
0.32258,0.21412,0.4633
0.39825,0.50567,0.096079
0.36767,0.31677,0.31556
0.38475,0.27819,0.33706
0.36551,0.24389,0.3906
0.31841,0.29997,0.38162
0.38307,0.42595,0.19098
0.41744,0.41744,0.16512
0.3995,0.42508,0.17542
0.35518,0.31211,0.33271
0.39509,0.31473,0.29018
0.33029,0.35005,0.31967
0.29893,0.20407,0.497
0.33229,0.31676,0.35095
0.33898,0.43724,0.22378
0.22757,0.3124,0.46004
0.37921,0.33665,0.28414
0.27794,0.19588,0.52619
0.25634,0.25459,0.48907
0.37762,0.3974,0.22499
0.36166,0.28791,0.35043
0.34812,0.32594,0.32594
0.35824,0.28527,0.35649
0.28382,0.31978,0.3964
0.2984,0.4088,0.2928
0.31148,0.2578,0.43072
0.31947,0.27401,0.40653
0.36358,0.2923,0.34412
0.33718,0.33371,0.32911
0.29753,0.29753,0.40494
0.26568,0.27874,0.45557
0.35567,0.21694,0.42739
0.35326,0.31454,0.3322
0.34017,0.36038,0.29945
0.28658,0.30411,0.40931
0.31741,0.29051,0.39207
0.30507,0.318,0.37693
0.35494,0.30662,0.33844
0.30414,0.28749,0.40837
0.28368,0.17973,0.53659
0.29812,0.25579,0.44608
0.35294,0.3774,0.26966
0.35013,0.45304,0.19683
0.32064,0.30029,0.37907
0.33347,0.25902,0.40751
0.30236,0.26877,0.42888
0.31587,0.31412,0.37001
0.38485,0.3786,0.23654
0.37696,0.47166,0.15138
0.31445,0.21579,0.46976
0.34523,0.19254,0.46223
0.4162,0.47372,0.11008
0.36308,0.25789,0.37903
0.33449,0.26614,0.39936
0.36432,0.3487,0.28697
0.30536,0.34229,0.35236
0.33863,0.29407,0.3673
0.30043,0.3034,0.39617
0.36889,0.28285,0.34825
0.26857,0.30383,0.42761
0.2807,0.45455,0.26476
0.38799,0.46028,0.15173
0.26777,0.30542,0.4268
0.36966,0.4936,0.13674
0.32182,0.40219,0.27599
0.30206,0.33849,0.35945
0.40033,0.39468,0.20499
0.38592,0.34558,0.26851
0.27113,0.33687,0.392
0.2988,0.32595,0.37524
0.3611,0.36063,0.27826
0.31491,0.31491,0.37018
0.31602,0.35894,0.32504
0.31825,0.35657,0.32518
0.3833,0.3919,0.2248
0.30878,0.38146,0.30976
0.3293,0.44754,0.22316
0.33649,0.39772,0.26578
0.30306,0.36447,0.33248
0.41124,0.24696,0.3418
0.37562,0.29639,0.32799
0.29898,0.3305,0.37052
0.31403,0.25436,0.4316
0.3431,0.34964,0.30726
0.2816,0.24422,0.47418
0.39491,0.33194,0.27314
0.29339,0.28454,0.42207
0.32425,0.2599,0.41585
0.32597,0.2455,0.42853
0.30713,0.39677,0.2961
0.35943,0.47418,0.16639
0.35202,0.3026,0.34538
0.3264,0.31841,0.35519
0.31088,0.33415,0.35497
0.39554,0.42787,0.17659
0.42367,0.39326,0.18307
0.32732,0.27118,0.4015
0.35897,0.40371,0.23731
0.38358,0.29541,0.32102
0.34671,0.33288,0.32042
0.39987,0.31383,0.2863
0.34927,0.30316,0.34757
0.26765,0.2766,0.45575
0.3726,0.35081,0.27659
0.33678,0.34145,0.32177
0.29376,0.29472,0.41152
0.32595,0.29793,0.37613
0.3211,0.34176,0.33714
0.24438,0.45882,0.2968
0.24123,0.31004,0.44873
0.31445,0.38754,0.29802
0.33992,0.47193,0.18815
0.39434,0.60566,0
0.44278,0.50325,0.053966
0.29416,0.27932,0.42652
0.40053,0.36861,0.23087
0.33423,0.34621,0.31956
0.36849,0.31156,0.31995
0.35511,0.46354,0.18135
0.35133,0.22446,0.42421
0.32033,0.33095,0.34871
0.35123,0.26232,0.38644
0.31757,0.33811,0.34432
0.35391,0.46845,0.17764
0.40889,0.2525,0.33862
0.24697,0.19721,0.55583
0.27446,0.22613,0.4994
0.3559,0.26505,0.37905
0.32577,0.29419,0.38004
0.3154,0.34993,0.33467
0.29539,0.32928,0.37533
0.31439,0.33276,0.35285
0.3341,0.35319,0.31271
0.38149,0.42212,0.19639
0.3274,0.24439,0.42821
0.32742,0.29204,0.38055
0.30649,0.39347,0.30004
0.32828,0.38185,0.28986
0.31674,0.32853,0.35473
0.29713,0.47098,0.23189
0.33713,0.36855,0.29433
0.33014,0.22097,0.44889
0.3314,0.37283,0.29577
0.38292,0.41758,0.19949
0.351,0.34015,0.30884
0.31239,0.26462,0.42299
0.35537,0.31979,0.32484
0.32594,0.42579,0.24827
0.34148,0.40631,0.25221
0.3425,0.24976,0.40773
0.28721,0.38011,0.33269
0.32901,0.34629,0.3247
0.32448,0.28624,0.38928
0.29866,0.24298,0.45836
0.28889,0.38526,0.32586
0.32239,0.3722,0.30541
0.34438,0.42552,0.2301
0.34483,0.39386,0.26132
0.37064,0.32346,0.3059
0.35909,0.35909,0.28182
0.39403,0.41658,0.18939
0.33987,0.36705,0.29309
0.3113,0.35069,0.33801
0.29779,0.38033,0.32188
0.3492,0.32014,0.33066
0.32899,0.38752,0.28349
0.30214,0.33038,0.36748
0.27753,0.18649,0.53598
0.36303,0.24027,0.3967
0.32812,0.12331,0.54857
0.30416,0.40432,0.29152
0.39517,0.46479,0.14004
0.33558,0.34576,0.31866
0.34773,0.34773,0.30454
0.26106,0.19689,0.54205
0.30809,0.27657,0.41534
0.32448,0.36221,0.31332
0.33276,0.34706,0.32018
0.37674,0.37262,0.25065
0.32098,0.38158,0.29743
0.34525,0.28624,0.36851
0.3585,0.45051,0.191
0.36207,0.28914,0.3488
0.32923,0.37197,0.2988
0.35245,0.42041,0.22714
0.35807,0.32273,0.3192
0.25878,0.27025,0.47097
0.34411,0.33616,0.31972
0.28206,0.3086,0.40934
0.31981,0.32812,0.35207
0.23603,0.3692,0.39477
0.29958,0.30264,0.39778
0.3865,0.20414,0.40936
0.3584,0.37517,0.26643
0.2046,0.32415,0.47125
0.31876,0.2324,0.44884
0.36601,0.26357,0.37042
0.32997,0.32997,0.34007
0.28408,0.26026,0.45566
0.39365,0.41366,0.19269
0.35453,0.50372,0.14175
0.34898,0.37888,0.27214
0.3532,0.33832,0.30848
0.25155,0.21995,0.5285
0.31868,0.24135,0.43997
0.30514,0.23919,0.45566
0.31874,0.28765,0.3936
0.32745,0.34216,0.33039
0.40709,0.36192,0.23099
0.31183,0.27795,0.41022
0.33001,0.29573,0.37427
0.28088,0.21754,0.50157
0.32794,0.40159,0.27047
0.3836,0.32435,0.29205
0.37623,0.23984,0.38394
0.30661,0.46248,0.23092
0.28865,0.2082,0.50315
0.2917,0.33545,0.37286
0.43941,0.35862,0.20197
0.31284,0.2837,0.40345
0.26404,0.21901,0.51695
0.30762,0.26552,0.42686
0.30542,0.3352,0.35937
0.31785,0.30067,0.38147
0.28835,0.30393,0.40772
0.36325,0.39176,0.24499
0.27535,0.29105,0.4336
0.37786,0.29953,0.32261
0.27895,0.28718,0.43387
0.35823,0.43601,0.20576
0.31042,0.31164,0.37794
0.36686,0.42762,0.20552
0.34378,0.31244,0.34378
0.32099,0.3226,0.35641
0.32561,0.38614,0.28825
0.291,0.38075,0.32824
0.38852,0.44162,0.16985
0.3571,0.33987,0.30303
0.30463,0.24554,0.44983
0.36777,0.33887,0.29337
0.29567,0.37098,0.33336
0.33552,0.21499,0.44949
0.44028,0.44576,0.11396
0.30376,0.21386,0.48239
0.26745,0.15342,0.57913
0.30791,0.26227,0.42982
0.34943,0.30113,0.34943
0.35777,0.30934,0.33288
0.47007,0.2708,0.25912
0.3057,0.26617,0.42814
0.26889,0.35947,0.37164
0.33587,0.325,0.33913
0.24041,0.24041,0.51917
0.32919,0.43668,0.23412
0.30636,0.30194,0.3917
0.34651,0.32933,0.32416
0.34856,0.17988,0.47156
0.2863,0.25496,0.45875
0.33261,0.34075,0.32663
0.32853,0.22985,0.44162
0.32447,0.35106,0.32447
0.30009,0.54731,0.1526
0.358,0.32359,0.31842
0.36442,0.36138,0.2742
0.38257,0.37071,0.24671
0.29061,0.22613,0.48326
0.2055,0.31646,0.47804
0.29508,0.29967,0.40525
0.3439,0.30712,0.34898
0.3982,0.21686,0.38494
0.3038,0.32636,0.36983
0.39335,0.44353,0.16312
0.35186,0.39075,0.25739
0.33476,0.37347,0.29178
0.32113,0.23151,0.44736
0.3725,0.30581,0.32169
0.26002,0.24465,0.49533
0.32726,0.36561,0.30713
0.33852,0.36452,0.29696
0.26916,0.33114,0.3997
0.3971,0.33882,0.26408
0.25145,0.26374,0.48481
0.37052,0.36564,0.26384
0.32997,0.30488,0.36515
0.36865,0.35802,0.27333
0.28502,0.38822,0.32676
0.24322,0.36174,0.39504
0.31383,0.35668,0.32949
0.31337,0.20078,0.48585
0.32679,0.39055,0.28266
0.38683,0.32417,0.28899
0.31226,0.30224,0.38551
0.36133,0.26295,0.37572
0.2911,0.22165,0.48725
0.30923,0.37587,0.3149
0.31133,0.21958,0.46909
0.33364,0.22628,0.44009
0.38462,0.33972,0.27567
0.30902,0.32724,0.36374
0.39752,0.40165,0.20083
0.36721,0.2558,0.37699
0.28844,0.28844,0.42312
0.23088,0.27633,0.49278
0.37688,0.3282,0.29493
0.36402,0.31462,0.32136
0.30671,0.35538,0.33791
0.40054,0.37455,0.22491
0.38281,0.39465,0.22253
0.33597,0.23981,0.42422
0.36138,0.35213,0.28649
0.32601,0.33799,0.336
0.28393,0.2485,0.46758
0.35187,0.46275,0.18538
0.31213,0.25028,0.43759
0.36171,0.3248,0.31348
0.35468,0.33429,0.31103
0.37414,0.31975,0.30611
0.29207,0.2836,0.42433
0.35073,0.45745,0.19181
0.32166,0.33917,0.33917
0.28935,0.39769,0.31295
0.33111,0.27378,0.3951
0.3493,0.47146,0.17924
0.36664,0.49078,0.14258
0.35432,0.47283,0.17285
0.30612,0.2846,0.40928
0.29314,0.23146,0.4754
0.27243,0.24465,0.48292
0.36285,0.30375,0.3334
0.25836,0.25049,0.49115
0.26541,0.2434,0.49119
0.28882,0.20023,0.51094
0.24491,0.22994,0.52515
0.27003,0.23478,0.49518
0.3358,0.24567,0.41852
0.3415,0.33948,0.31902
0.38056,0.20833,0.41111
0.35556,0.39207,0.25236
0.38088,0.20152,0.41759
0.35044,0.33813,0.31143
0.31429,0.39707,0.28864
0.30848,0.20408,0.48744
0.30891,0.24911,0.44197
0.29594,0.37214,0.33192
0.36189,0.52752,0.1106
0.24613,0.38286,0.37101
0.28553,0.23665,0.47782
0.30642,0.29409,0.39948
0.30884,0.31186,0.3793
0.33131,0.44005,0.22865
0.376,0.31595,0.30805
0.31498,0.31154,0.37348
0.31382,0.34504,0.34114
0.25304,0.33019,0.41677
0.2842,0.37578,0.34003
0.31597,0.20157,0.48246
0.30115,0.33717,0.36168
0.32484,0.20591,0.46924
0.33195,0.27829,0.38976
0.28365,0.47734,0.23901
0.28863,0.22273,0.48863
0.35018,0.36647,0.28335
0.32255,0.33743,0.34002
0.25825,0.25317,0.48858
0.34398,0.28218,0.37384
0.27203,0.30432,0.42365
0.24793,0.28471,0.46735
0.38882,0.32428,0.2869
0.35978,0.34028,0.29994
0.39686,0.30961,0.29353
0.30877,0.34782,0.3434
0.34425,0.39753,0.25822
0.30756,0.31315,0.3793
0.32371,0.32094,0.35535
0.33197,0.27408,0.39395
0.34563,0.43324,0.22113
0.38585,0.30334,0.31081
0.29045,0.20878,0.50077
0.2773,0.32784,0.39486
0.25142,0.19204,0.55654
0.35293,0.27316,0.37391
0.31258,0.34371,0.34371
0.47806,0.41287,0.10908
0.36085,0.32656,0.31259
0.33268,0.41756,0.24976
0.27028,0.18764,0.54208
0.31092,0.41597,0.27311
0.40813,0.34172,0.25014
0.33225,0.3225,0.34524
0.29368,0.27826,0.42805
0.31909,0.2897,0.39121
0.27762,0.26993,0.45245
0.33175,0.23936,0.42889
0.35886,0.36352,0.27762
0.33201,0.3571,0.31089
0.30611,0.30861,0.38528
0.38329,0.30557,0.31114
0.20768,0.23977,0.55255
0.35607,0.39661,0.24732
0.35027,0.3858,0.26393
0.38005,0.44245,0.1775
0.25358,0.27619,0.47023
0.29868,0.37566,0.32566
0.31893,0.34775,0.33332
0.26407,0.31306,0.42288
0.36423,0.38552,0.25026
0.37606,0.45493,0.16901
0.29628,0.24402,0.4597
0.24871,0.33437,0.41693
0.30166,0.28071,0.41762
0.35858,0.375,0.26642
0.2389,0.2879,0.4732
0.29079,0.30989,0.39932
0.25054,0.29544,0.45402
0.3927,0.372,0.23529
0.33753,0.2267,0.43577
0.41411,0.41411,0.17177
0.31757,0.34486,0.33757
0.35548,0.39682,0.2477
0.29256,0.18373,0.52371
0.35046,0.22105,0.42849
0.3394,0.28457,0.37603
0.33642,0.23246,0.43112
0.2916,0.24875,0.45965
0.41415,0.47832,0.10753
0.30044,0.388,0.31156
0.36477,0.43067,0.20455
0.3503,0.33578,0.31392
0.29238,0.35706,0.35056
0.2533,0.34413,0.40257
0.25464,0.2889,0.45646
0.2971,0.28333,0.41957
0.33566,0.29462,0.36972
0.2953,0.41912,0.28559
0.32975,0.36298,0.30726
0.34876,0.24524,0.406
0.33632,0.2715,0.39218
0.33783,0.43252,0.22965
0.32053,0.38562,0.29385
0.31552,0.19173,0.49275
0.26706,0.27387,0.45906
0.36279,0.33341,0.30381
0.29147,0.34945,0.35908
0.30478,0.24383,0.45139
0.31896,0.30754,0.3735
0.31545,0.39466,0.2899
0.33515,0.4408,0.22405
0.317,0.39038,0.29262
0.35962,0.34177,0.29861
0.34123,0.37025,0.28852
0.32587,0.34826,0.32587
0.30019,0.31486,0.38495
0.30355,0.23704,0.45941
0.29812,0.29812,0.40375
0.30319,0.31105,0.38576
0.25965,0.31198,0.42837
0.34297,0.31854,0.33849
0.37143,0.28675,0.34182
0.32162,0.42319,0.25519
0.37612,0.4017,0.22218
0.34911,0.32037,0.33052
0.33333,0.34817,0.3185
0.33899,0.31843,0.34258
0.29984,0.34043,0.35973
0.33075,0.25596,0.41329
0.31953,0.29478,0.3857
0.38338,0.30952,0.3071
0.3112,0.30333,0.38547
0.32959,0.28353,0.38687
0.38563,0.35565,0.25872
0.34027,0.24322,0.41652
0.36787,0.45331,0.17882
0.32752,0.37082,0.30166
0.3773,0.34082,0.28188
0.34764,0.24378,0.40858
0.32389,0.22122,0.45489
0.26457,0.21415,0.52128
0.42399,0.44096,0.13505
0.29028,0.26118,0.44855
0.31249,0.32968,0.35783
0.3417,0.2989,0.3594
0.26688,0.24661,0.48651
0.297,0.32423,0.37877
0.32557,0.36712,0.30732
0.35865,0.41987,0.22148
0.339,0.34913,0.31187
0.329,0.2853,0.3857
0.29385,0.26841,0.43774
0.25224,0.21068,0.53708
0.29224,0.3824,0.32536
0.31397,0.39855,0.28748
0.3147,0.23207,0.45323
0.33784,0.25392,0.40823
0.35761,0.333,0.30939
0.35416,0.35687,0.28897
0.2902,0.24704,0.46276
0.35538,0.39583,0.24879
0.35267,0.37948,0.26785
0.25082,0.28192,0.46725
0.31876,0.30807,0.37318
0.22952,0.33668,0.4338
0.27273,0.10853,0.61874
0.31906,0.29895,0.38199
0.40548,0.25332,0.3412
0.31413,0.32397,0.36191
0.3242,0.31238,0.36342
0.35077,0.40917,0.24006
0.32514,0.25939,0.41546
0.37294,0.39625,0.23081
0.32605,0.29469,0.37926
0.3528,0.4406,0.2066
0.38201,0.36925,0.24874
0.28546,0.29809,0.41645
0.23849,0.25045,0.51106
0.39266,0.29592,0.31142
0.30513,0.39534,0.29953
0.27186,0.27599,0.45216
0.33972,0.36049,0.29979
0.40019,0.25883,0.34097
0.3814,0.47023,0.14838
0.36211,0.26856,0.36933
0.33532,0.2706,0.39408
0.35757,0.24474,0.39769
0.30475,0.34574,0.3495
0.31873,0.29159,0.38968
0.30539,0.40287,0.29174
0.33785,0.3645,0.29765
0.32637,0.34727,0.32637
0.38106,0.32442,0.29452
0.17745,0.32207,0.50049
0.30189,0.40736,0.29075
0.38643,0.34515,0.26842
0.38913,0.36441,0.24646
0.32772,0.31358,0.3587
0.37298,0.39202,0.23499
0.36103,0.35585,0.28311
0.39585,0.40889,0.19526
0.38862,0.41731,0.19407
0.30768,0.28362,0.40871
0.34657,0.37726,0.27617
0.31692,0.36073,0.32236
0.30632,0.40605,0.28763
0.30571,0.2845,0.40979
0.33221,0.31692,0.35087
0.32922,0.31288,0.3579
0.30631,0.32924,0.36444
0.25834,0.30671,0.43495
0.31243,0.27439,0.41318
0.35081,0.32699,0.3222
0.33357,0.34376,0.32268
0.36123,0.49674,0.14203
0.34252,0.46653,0.19095
0.29584,0.34546,0.3587
0.29205,0.21265,0.4953
0.33053,0.25637,0.4131
0.31255,0.1255,0.56195
0.3464,0.38196,0.27164
0.32923,0.36328,0.30749
0.32621,0.27615,0.39764
0.39775,0.3327,0.26956
0.34722,0.34064,0.31214
0.3458,0.40293,0.25127
0.27445,0.31713,0.40842
0.37694,0.48572,0.13734
0.22951,0.38349,0.387
0.31125,0.3792,0.30955
0.42422,0.40479,0.17098
0.30644,0.14012,0.55344
0.34756,0.41178,0.24066
0.36015,0.33241,0.30744
0.34716,0.2899,0.36294
0.26826,0.21449,0.51725
0.22937,0.23717,0.53346
0.38669,0.37549,0.23781
0.33243,0.25936,0.40821
0.28743,0.23711,0.47546
0.3158,0.39804,0.28615
0.31178,0.37264,0.31558
0.35637,0.35246,0.29117
0.40721,0.36445,0.22834
0.289,0.26462,0.44638
0.32467,0.32467,0.35067
0.34126,0.31072,0.34802
0.33034,0.38394,0.28571
0.28493,0.34796,0.36711
0.33529,0.34883,0.31588
0.38064,0.28033,0.33903
0.326,0.45546,0.21854
0.28332,0.31331,0.40337
0.26074,0.26074,0.47853
0.3655,0.33454,0.29997
0.25675,0.26851,0.47474
0.29438,0.40018,0.30544
0.3185,0.20402,0.47747
0.39555,0.34819,0.25626
0.29935,0.33067,0.36999
0.3604,0.34624,0.29337
0.23943,0.42412,0.33646
0.38096,0.44293,0.17612
0.29548,0.39933,0.30519
0.30617,0.25285,0.44098
0.42,0.44909,0.13091
0.29229,0.19978,0.50793
0.37838,0.29357,0.32805
0.36585,0.24735,0.3868
0.28175,0.24926,0.46899
0.3703,0.28433,0.34538
0.32265,0.39804,0.27931
0.30185,0.27534,0.42281
0.29058,0.31618,0.39324
0.34888,0.27091,0.38021
0.36729,0.27566,0.35705
0.28766,0.33918,0.37316
0.29299,0.30216,0.40484
0.31448,0.38734,0.29818
0.25058,0.44678,0.30265
0.35438,0.32281,0.32281
0.24913,0.25331,0.49756
0.31262,0.32896,0.35842
0.4155,0.40146,0.18304
0.25211,0.34324,0.40465
0.30962,0.30282,0.38756
0.26716,0.20693,0.52591
0.2944,0.31516,0.39044
0.34037,0.29824,0.36139
0.30309,0.25754,0.43937
0.31561,0.29943,0.38496
0.35222,0.39241,0.25537
0.25322,0.36802,0.37876
0.36824,0.48641,0.14535
0.34118,0.35075,0.30807
0.29073,0.38291,0.32636
0.40783,0.40268,0.1895
0.35898,0.26347,0.37755
0.2619,0.2314,0.5067
0.22179,0.29756,0.48065
0.28016,0.28601,0.43384
0.32001,0.33634,0.34365
0.30285,0.27061,0.42654
0.36269,0.32773,0.30958
0.37803,0.26467,0.3573
0.36888,0.36151,0.26961
0.31151,0.17718,0.51132
0.33529,0.29662,0.3681
0.2691,0.30316,0.42774
0.22294,0.37742,0.39964
0.29939,0.27418,0.42643
0.31119,0.26207,0.42673
0.27572,0.15675,0.56753
0.30467,0.14524,0.55008
0.34461,0.073501,0.58189
0.3879,0.34403,0.26806
0.41048,0.3263,0.26322
0.35694,0.32583,0.31724
0.40569,0.34207,0.25224
0.28926,0.25338,0.45736
0.29152,0.25479,0.45368
0.40723,0.36276,0.23001
0.31978,0.33023,0.34999
0.36975,0.33613,0.29412
0.35332,0.33791,0.30877
0.34936,0.43747,0.21317
0.3427,0.32235,0.33496
0.34838,0.30447,0.34715
0.35134,0.34109,0.30757
0.35248,0.38198,0.26554
0.2712,0.22791,0.50089
0.3023,0.37776,0.31994
0.27302,0.44838,0.27861
0.35429,0.40327,0.24245
0.3129,0.28288,0.40421
0.29602,0.31634,0.38765
0.25064,0.18893,0.56043
0.30631,0.43391,0.25978
0.36542,0.48803,0.14654
0.29354,0.28405,0.42242
0.39875,0.39875,0.20251
0.32067,0.41275,0.26658
0.26746,0.37535,0.35719
0.31072,0.22046,0.46881
0.29007,0.21811,0.49181
0.31789,0.3094,0.37272
0.31044,0.31044,0.37912
0.43431,0.34529,0.2204
0.22389,0.23677,0.53934
0.38126,0.47952,0.13922
0.33312,0.34623,0.32065
0.34016,0.31112,0.34872
0.36572,0.25519,0.37909
0.30376,0.32808,0.36816
0.33975,0.3205,0.33975
0.37062,0.33283,0.29655
0.28358,0.29193,0.42449
0.2649,0.26224,0.47286
0.35783,0.46997,0.17221
0.32876,0.26718,0.40406
0.35224,0.33265,0.31511
0.24352,0.20245,0.55403
0.3563,0.42522,0.21848
0.30419,0.30805,0.38776
0.36815,0.45952,0.17232
0.2943,0.22419,0.48151
0.35506,0.28989,0.35506
0.29737,0.27066,0.43197
0.33675,0.35071,0.31255
0.37403,0.23731,0.38866
0.35216,0.30986,0.33799
0.327,0.28724,0.38575
0.28809,0.36056,0.35134
0.36069,0.38879,0.25052
0.39272,0.34019,0.26709
0.35054,0.3344,0.31506
0.39292,0.3636,0.24348
0.29222,0.37793,0.32985
0.35056,0.33139,0.31806
0.4015,0.3746,0.2239
0.38936,0.34282,0.26782
0.29876,0.37805,0.3232
0.31463,0.17134,0.51403
0.22445,0.41843,0.35713
0.35259,0.32977,0.31764
0.25204,0.26155,0.48641
0.35116,0.29571,0.35313
0.32255,0.2162,0.46125
0.34487,0.30628,0.34886
0.33766,0.41586,0.24648
0.3837,0.31889,0.2974
0.26783,0.23577,0.49639
0.38462,0.3874,0.22799
0.34282,0.3283,0.32889
0.35915,0.32983,0.31102
0.39758,0.19361,0.40881
0.25951,0.22001,0.52048
0.43554,0.36632,0.19814
0.21277,0.37027,0.41697
0.34136,0.39037,0.26827
0.41029,0.37704,0.21267
0.43089,0.28645,0.28266
0.48028,0.36264,0.15708
0.27459,0.17459,0.55082
0.32764,0.2185,0.45386
0.37446,0.36637,0.25917
0.39811,0.31998,0.28191
0.41119,0.39397,0.19483
0.34944,0.34353,0.30703
0.38031,0.41568,0.20401
0.33143,0.37887,0.2897
0.31278,0.23328,0.45395
0.28005,0.38229,0.33766
0.3229,0.38405,0.29305
0.29963,0.25243,0.44794
0.31902,0.22721,0.45377
0.32492,0.42105,0.25403
0.37995,0.13632,0.48373
0.35296,0.34523,0.30181
0.28669,0.28669,0.42663
0.3127,0.3104,0.3769
0.30635,0.24457,0.44908
0.25179,0.25636,0.49185
0.36397,0.22359,0.41245
0.40831,0.37005,0.22164
0.40591,0.29415,0.29995
0.21035,0.18999,0.59966
0.29445,0.36445,0.3411
0.41719,0.25075,0.33206
0.29885,0.1454,0.55575
0.35195,0.29888,0.34918
0.26466,0.1412,0.59414
0.32872,0.32007,0.35121
0.40512,0.30529,0.2896
0.34595,0.4106,0.24344
0.34058,0.363,0.29642
0.29341,0.26545,0.44114
0.30655,0.14583,0.54762
0.33394,0.23298,0.43307
0.31442,0.26329,0.42228
0.34014,0.29759,0.36227
0.34959,0.28829,0.36213
0.3257,0.41334,0.26096
0.42808,0.37647,0.19545
0.35596,0.43571,0.20833
0.31702,0.3079,0.37508
0.28243,0.26613,0.45144
0.24228,0.21556,0.54216
0.31874,0.37393,0.30733
0.24104,0.22239,0.53657
0.33986,0.48206,0.17808
0.3741,0.45849,0.16741
0.29669,0.43051,0.2728
0.27725,0.39273,0.33002
0.34099,0.44033,0.21868
0.31708,0.42673,0.25619
0.25069,0.22652,0.52279
0.3104,0.14855,0.54105
0.35839,0.3616,0.28001
0.34683,0.23612,0.41706
0.3118,0.23839,0.44981
0.27568,0.33474,0.38958
0.28671,0.19789,0.5154
0.40625,0.36809,0.22566
0.38707,0.22256,0.39037
0.27563,0.23716,0.48721
0.34299,0.49642,0.16059
0.32486,0.34205,0.33309
0.42718,0.42978,0.14304
0.30657,0.20623,0.4872
0.32898,0.19966,0.47136
0.29708,0.30921,0.39371
0.30767,0.2385,0.45383
0.33387,0.30827,0.35786
0.2428,0.23045,0.52675
0.41743,0.26738,0.31518
0.27255,0.31622,0.41123
0.23052,0.27431,0.49517
0.36505,0.46443,0.17052
0.37841,0.29767,0.32392
0.39254,0.3712,0.23626
0.3174,0.32634,0.35626
0.36914,0.3012,0.32965
0.35668,0.35292,0.2904
0.23598,0.52076,0.24326
0.36772,0.37283,0.25945
0.3418,0.30788,0.35032
0.35353,0.43669,0.20977
0.26429,0.33593,0.39978
0.33624,0.33333,0.33042
0.30336,0.20751,0.48913
0.25136,0.35883,0.38981
0.36306,0.50506,0.13188
0.32381,0.28654,0.38965
0.24784,0.22525,0.52691
0.37784,0.40525,0.21691
0.29053,0.29899,0.41048
0.38403,0.44785,0.16812
0.30911,0.35404,0.33685
0.28718,0.38862,0.3242
0.26039,0.32655,0.41306
0.27017,0.27376,0.45607
0.2612,0.29688,0.44192
0.29134,0.381,0.32766
0.39235,0.36123,0.24642
0.29559,0.23011,0.4743
0.34083,0.38113,0.27804
0.30293,0.4627,0.23437
0.41471,0.43141,0.15388
0.43298,0.42883,0.13819
0.33294,0.31918,0.34788
0.25762,0.26022,0.48215
0.29897,0.30268,0.39835
0.32308,0.32644,0.35048
0.37623,0.28961,0.33417
0.37359,0.46487,0.16154
0.34437,0.34985,0.30578
0.37984,0.33034,0.28982
0.28752,0.21753,0.49496
0.32453,0.29918,0.37629
0.30985,0.29096,0.39919
0.36268,0.14515,0.49217
0.25654,0.19687,0.54659
0.34433,0.31918,0.33649
0.26649,0.15653,0.57697
0.29619,0.36274,0.34108
0.30502,0.30959,0.38539
0.25487,0.34977,0.39535
0.34228,0.24825,0.40947
0.35835,0.35988,0.28176
0.30636,0.26273,0.43091
0.34445,0.30441,0.35114
0.34548,0.39429,0.26023
0.29271,0.34099,0.36631
0.29383,0.2385,0.46766
0.3277,0.38842,0.28388
0.39763,0.38903,0.21334
0.2786,0.26575,0.45565
0.26389,0.18056,0.55556
0.34253,0.44147,0.216
0.3113,0.40602,0.28268
0.3947,0.30774,0.29757
0.34055,0.38365,0.27581
0.2798,0.34214,0.37806
0.41908,0.26383,0.31709
0.32203,0.35593,0.32203
0.29141,0.32061,0.38797
0.31115,0.29674,0.39211
0.21947,0.43478,0.34575
0.33333,0.3161,0.35056
0.34705,0.38504,0.26792
0.32697,0.39339,0.27964
0.37966,0.12967,0.49067
0.29585,0.33685,0.3673
0.32034,0.25248,0.42719
0.34145,0.46154,0.19701
0.31441,0.37117,0.31441
0.37269,0.36174,0.26557
0.32397,0.37258,0.30344
0.38751,0.37676,0.23573
0.34252,0.46628,0.19119
0.29484,0.30562,0.39955
0.38285,0.31718,0.29997
0.29443,0.29443,0.41114
0.30157,0.3052,0.39323
0.30137,0.3274,0.37124
0.22685,0.19267,0.58048
0.30262,0.16522,0.53215
0.32719,0.21679,0.45602
0.42902,0.44661,0.12437
0.26268,0.32713,0.41019
0.37991,0.21412,0.40597
0.3187,0.20272,0.47858
0.34526,0.45883,0.19591
0.34947,0.33701,0.31352
0.42218,0.45042,0.12741
0.38679,0.39976,0.21344
0.31642,0.30272,0.38087
0.37262,0.40466,0.22272
0.37351,0.34295,0.28354
0.2485,0.39577,0.35573
0.42886,0.42228,0.14886
0.38304,0.23391,0.38304
0.3781,0.33947,0.28243
0.36711,0.34578,0.28711
0.34041,0.32979,0.32979
0.35186,0.47668,0.17146
0.34872,0.44375,0.20753
0.39281,0.34787,0.25933
0.33998,0.19353,0.46649
0.30323,0.26905,0.42772
0.35788,0.40982,0.2323
0.41745,0.3946,0.18795
0.37908,0.28959,0.33133
0.33274,0.30176,0.3655
0.29847,0.21401,0.48753
0.37642,0.26754,0.35604
0.33979,0.24606,0.41415
0.36477,0.3422,0.29304
0.3263,0.31388,0.35982
0.34775,0.35808,0.29416
0.32262,0.39551,0.28187
0.37574,0.45263,0.17164
0.30965,0.27855,0.4118
0.28393,0.22826,0.4878
0.40777,0.3626,0.22962
0.31137,0.31859,0.37004
0.28659,0.30494,0.40847
0.31957,0.13639,0.54404
0.24372,0.27374,0.48254
0.39284,0.44326,0.1639
0.34961,0.46256,0.18783
0.35988,0.45835,0.18177
0.31547,0.27769,0.40683
0.37659,0.33164,0.29177
0.32286,0.24334,0.4338
0.3146,0.20254,0.48286
0.33059,0.39166,0.27776
0.36681,0.38891,0.24429
0.49477,0.36795,0.13728
0.31617,0.27846,0.40537
0.34543,0.35901,0.29556
0.27953,0.4043,0.31617
0.29333,0.37244,0.33423
0.27706,0.37798,0.34495
0.32373,0.37558,0.30069
0.33285,0.39883,0.26832
0.38088,0.301,0.31811
0.28173,0.31092,0.40735
0.36956,0.32805,0.3024
0.29369,0.35316,0.35316
0.27194,0.25385,0.4742
0.41124,0.41856,0.1702
0.35927,0.44217,0.19856
0.34267,0.30671,0.35062
0.32146,0.18381,0.49472
0.35553,0.35096,0.29351
0.31726,0.29705,0.38569
0.2468,0.22454,0.52866
0.39701,0.34037,0.26262
0.34184,0.39069,0.26747
0.39106,0.22645,0.38249
0.31046,0.34887,0.34068
0.28328,0.34281,0.37391
0.37695,0.50468,0.11836
0.31246,0.39193,0.2956
0.36259,0.31103,0.32638
0.2887,0.27692,0.43438
0.37202,0.39319,0.2348
0.27761,0.29402,0.42838
0.31703,0.36941,0.31356
0.39733,0.31843,0.28424
0.39371,0.29156,0.31473
0.32206,0.33394,0.344
0.36599,0.34614,0.28787
0.35402,0.29196,0.35402
0.28672,0.22969,0.48359
0.35641,0.26494,0.37865
0.24924,0.23827,0.51249
0.23681,0.28845,0.47474
0.34072,0.11328,0.546
0.36194,0.34415,0.29391
0.36645,0.21837,0.41518
0.33118,0.36499,0.30383
0.35153,0.30952,0.33895
0.27078,0.27078,0.45844
0.30416,0.28114,0.4147
0.37672,0.4,0.22328
0.32039,0.2972,0.38241
0.34597,0.34597,0.30807
0.36846,0.32618,0.30536
0.35644,0.24644,0.39712
0.35326,0.38072,0.26602
0.27205,0.31307,0.41488
0.33688,0.36312,0.3
0.30834,0.36059,0.33106
0.25684,0.3348,0.40836
0.36331,0.4116,0.22509
0.29108,0.32181,0.38711
0.40793,0.38204,0.21004
0.35663,0.49635,0.14702
0.23225,0.31283,0.45492
0.37787,0.32445,0.29768
0.36463,0.35559,0.27977
0.36735,0.34868,0.28396
0.36057,0.2988,0.34063
0.37829,0.37031,0.2514
0.25652,0.13953,0.60395
0.32021,0.39487,0.28492
0.33338,0.366,0.30061
0.30398,0.19572,0.5003
0.36862,0.28663,0.34475
0.13671,0.36595,0.49734
0.32843,0.26654,0.40503
0.35082,0.36159,0.28758
0.32133,0.37652,0.30215
0.36886,0.34406,0.28708
0.32452,0.34992,0.32556
0.33394,0.38105,0.28502
0.33933,0.48754,0.17313
0.29326,0.326,0.38074
0.29894,0.14578,0.55528
0.35881,0.33345,0.30774
0.35117,0.26067,0.38816
0.4389,0.39244,0.16866
0.3097,0.45707,0.23323
0.31165,0.34757,0.34078
0.4143,0.41756,0.16814
0.3335,0.3506,0.3159
0.31945,0.26984,0.41071
0.2971,0.38213,0.32077
0.2198,0.34851,0.43168
0.41729,0.33263,0.25009
0.38441,0.33726,0.27833
0.34842,0.35026,0.30133
0.37679,0.27631,0.3469
0.33074,0.21408,0.45518
0.34557,0.35452,0.29991
0.33244,0.31546,0.3521
0.22597,0.41644,0.35759
0.32967,0.37999,0.29034
0.40549,0.24393,0.35058
0.37979,0.34895,0.27126
0.3742,0.34291,0.2829
0.40161,0.21739,0.381
0.31831,0.42534,0.25635
0.35167,0.32416,0.32416
0.35795,0.31894,0.32312
0.39318,0.36983,0.237
0.33852,0.40302,0.25846
0.39843,0.31814,0.28342
0.4076,0.4076,0.1848
0.31388,0.34608,0.34004
0.34962,0.36578,0.2846
0.20188,0.35221,0.44591
0.36329,0.30976,0.32696
0.33502,0.36957,0.29541
0.36936,0.37661,0.25402
0.34632,0.37308,0.2806
0.30951,0.34784,0.34265
0.40273,0.40944,0.18782
0.33788,0.34555,0.31657
0.34941,0.37148,0.27911
0.32876,0.36136,0.30988
0.24605,0.38083,0.37312
0.32106,0.26164,0.4173
0.26507,0.35032,0.38462
0.31741,0.17102,0.51157
0.31236,0.33617,0.35147
0.31616,0.32147,0.36237
0.30786,0.25314,0.439
0.28177,0.3256,0.39263
0.34796,0.28668,0.36536
0.39783,0.3175,0.28466
0.28753,0.20865,0.50382
0.28886,0.31614,0.395
0.2989,0.31226,0.38883
0.31022,0.28263,0.40715
0.38975,0.46718,0.14307
0.26078,0.39341,0.34581
0.35026,0.42802,0.22172
0.26718,0.16691,0.56591
0.28161,0.26221,0.45618
0.31951,0.45033,0.23016
0.34291,0.23697,0.42012
0.34443,0.35185,0.30372
0.35871,0.46054,0.18075
0.28302,0.21316,0.50382
0.33862,0.44053,0.22086
0.30039,0.36047,0.33914
0.26763,0.36215,0.37022
0.36555,0.3122,0.32225
0.31126,0.34673,0.34201
0.24512,0.33621,0.41867
0.34755,0.42531,0.22715
0.37837,0.4221,0.19953
0.34574,0.17778,0.47648
0.36181,0.47062,0.16757
0.32613,0.39534,0.27853
0.3084,0.29797,0.39363
0.28479,0.32631,0.38889
0.37287,0.38422,0.24291
0.26096,0.2684,0.47063
0.33796,0.33469,0.32735
0.38836,0.23334,0.3783
0.30226,0.15592,0.54181
0.36556,0.31722,0.31722
0.31464,0.37071,0.31464
0.35832,0.50323,0.13846
0.25893,0.38232,0.35874
0.37018,0.3098,0.32002
0.3794,0.4123,0.2083
0.28414,0.2161,0.49977
0.34419,0.27532,0.38049
0.34075,0.49895,0.1603
0.40648,0.38767,0.20585
0.30724,0.33148,0.36127
0.33208,0.35233,0.31559
0.33658,0.31228,0.35114
0.38462,0.34447,0.27092
0.34696,0.25304,0.4
0.36636,0.49386,0.13978
0.32654,0.25356,0.41991
0.37052,0.27454,0.35494
0.28466,0.2902,0.42514
0.38064,0.30839,0.31097
0.36819,0.48825,0.14356
0.36688,0.38426,0.24885
0.35671,0.10409,0.53921
0.35427,0.25942,0.38632
0.3786,0.32568,0.29572
0.31777,0.3579,0.32432
0.39367,0.31757,0.28876
0.31498,0.27752,0.40749
0.41381,0.36575,0.22044
0.3001,0.4215,0.27839
0.33488,0.29332,0.3718
0.36885,0.3672,0.26395
0.39634,0.29198,0.31168
0.37046,0.3397,0.28984
0.33191,0.28844,0.37965
0.35037,0.27881,0.37083
0.34195,0.36264,0.29541
0.4007,0.38333,0.21596
0.33368,0.33265,0.33368
0.24821,0.38693,0.36486
0.36036,0.4992,0.14045
0.31603,0.4714,0.21257
0.28576,0.44318,0.27106
0.37997,0.18454,0.43549
0.38575,0.32898,0.28527
0.33333,0.32046,0.34621
0.3002,0.26316,0.43664
0.30583,0.42595,0.26822
0.34661,0.3018,0.3516
0.33783,0.44296,0.21921
0.34973,0.39946,0.25081
0.37166,0.34054,0.28781
0.33974,0.33974,0.32051
0.33585,0.27999,0.38415
0.30904,0.3199,0.37106
0.28554,0.40181,0.31265
0.33364,0.28611,0.38024
0.24049,0.40193,0.35758
0.36796,0.33776,0.29428
0.30409,0.25102,0.4449
0.30368,0.27164,0.42468
0.42174,0.38759,0.19067
0.33675,0.31637,0.34688
0.21566,0.1637,0.62064
0.31666,0.21131,0.47203
0.36918,0.31192,0.3189
0.40353,0.42552,0.17096
0.36325,0.36325,0.2735
0.2604,0.23392,0.50567
0.26312,0.35006,0.38682
0.34686,0.42074,0.2324
0.34983,0.20309,0.44708
0.30994,0.3054,0.38466
0.35995,0.31531,0.32474
0.29401,0.27141,0.43458
0.29686,0.25562,0.44752
0.27498,0.2695,0.45552
0.26983,0.26787,0.4623
0.25761,0.25258,0.4898
0.2834,0.11744,0.59916
0.33087,0.36441,0.30472
0.31054,0.44212,0.24734
0.28096,0.25646,0.46258
0.33038,0.17918,0.49043
0.26214,0.20065,0.53722
0.35969,0.35405,0.28625
0.34412,0.31282,0.34306
0.27426,0.2375,0.48824
0.33008,0.23085,0.43907
0.29343,0.23212,0.47445
0.38113,0.18754,0.43134
0.37542,0.17294,0.45164
0.34532,0.29236,0.36232
0.33986,0.36388,0.29626
0.34425,0.18697,0.46878
0.32776,0.38774,0.2845
0.35315,0.31414,0.33271
0.23173,0.279,0.48927
0.33605,0.29798,0.36596
0.30596,0.27902,0.41501
0.35218,0.41991,0.22791
0.36008,0.44854,0.19138
0.33691,0.14267,0.52041
0.35179,0.36401,0.2842
0.28739,0.28378,0.42883
0.30542,0.34163,0.35295
0.41181,0.40488,0.1833
0.2408,0.31246,0.44674
0.284,0.25644,0.45956
0.27867,0.16881,0.55253
0.2996,0.2123,0.4881
0.32655,0.24926,0.42419
0.30009,0.251,0.44891
0.29951,0.38332,0.31718
0.28895,0.22386,0.48719
0.27164,0.23452,0.49384
0.25355,0.27604,0.47041
0.23783,0.4146,0.34758
0.38339,0.31036,0.30625
0.35685,0.37071,0.27243
0.38643,0.29144,0.32213
0.27155,0.4569,0.27155
0.30608,0.15067,0.54326
0.32591,0.31718,0.35691
0.30985,0.29809,0.39206
0.25538,0.232,0.51262
0.42101,0.36672,0.21227
0.36075,0.36748,0.27177
0.2895,0.34771,0.36279
0.30876,0.32871,0.36253
0.25847,0.27073,0.4708
0.33644,0.32071,0.34285
0.33876,0.39166,0.26958
0.36927,0.31536,0.31536
0.29668,0.22324,0.48009
0.3594,0.47511,0.16549
0.42517,0.41673,0.1581
0.40808,0.44846,0.14346
0.37318,0.39029,0.23653
0.3391,0.38872,0.27218
0.40932,0.42269,0.16799
0.33749,0.27209,0.39042
0.36644,0.28047,0.35309
0.35254,0.38735,0.2601
0.34814,0.41029,0.24157
0.36852,0.2907,0.34079
0.30898,0.441,0.25002
0.32941,0.44786,0.22272
0.27626,0.41046,0.31329
0.27706,0.14935,0.57359
0.32743,0.19421,0.47836
0.26834,0.19664,0.53502
0.38807,0.49106,0.12088
0.3553,0.23789,0.40681
0.35166,0.33841,0.30994
0.25015,0.2419,0.50795
0.362,0.46926,0.16874
0.37863,0.46516,0.15621
0.37862,0.50134,0.12004
0.36887,0.3414,0.28973
0.36107,0.30654,0.33239
0.3071,0.38581,0.3071
0.23478,0.21056,0.55466
0.29268,0.26674,0.44058
0.34155,0.27206,0.3864
0.4234,0.31966,0.25694
0.32176,0.34831,0.32993
0.38086,0.28378,0.33536
0.36511,0.25788,0.377
0.3161,0.23634,0.44756
0.35824,0.35102,0.29074
0.29237,0.31285,0.39478
0.2503,0.3068,0.44289
0.36239,0.20308,0.43453
0.38576,0.32528,0.28896
0.3471,0.44488,0.20802
0.24642,0.29094,0.46263
0.29826,0.38837,0.31337
0.30768,0.33139,0.36093
0.31947,0.38746,0.29307
0.35004,0.19839,0.45157
0.43611,0.21144,0.35245
0.34539,0.30921,0.34539
0.37316,0.25367,0.37316
0.25547,0.22018,0.52435
0.37123,0.40007,0.2287
0.34297,0.31407,0.34297
0.27056,0.43851,0.29093
0.34476,0.36755,0.28769
0.28471,0.15989,0.5554
0.37816,0.4015,0.22034
0.28482,0.3272,0.38798
0.40232,0.30909,0.28859
0.46811,0.4313,0.10059
0.36401,0.22719,0.4088
0.35629,0.19144,0.45227
0.34397,0.4126,0.24343
0.2948,0.45483,0.25037
0.36916,0.51798,0.11285
0.3465,0.26913,0.38438
0.32055,0.2692,0.41025
0.26478,0.26124,0.47397
0.36427,0.26689,0.36884
0.31089,0.42965,0.25946
0.30175,0.38881,0.30945
0.29371,0.19419,0.51211
0.47659,0.28432,0.23909
0.36252,0.37895,0.25852
0.36607,0.21986,0.41406
0.28081,0.25939,0.4598
0.34783,0.14021,0.51197
0.32698,0.30379,0.36923
0.363,0.32317,0.31383
0.26233,0.39906,0.33861
0.30128,0.45694,0.24179
0.3982,0.33759,0.26421
0.30894,0.40881,0.28224
0.2732,0.1759,0.5509
0.37562,0.27311,0.35127
0.24143,0.38579,0.37278
0.36953,0.47613,0.15434
0.28497,0.30427,0.41076
0.32088,0.3014,0.37771
0.39457,0.37608,0.22935
0.26525,0.28838,0.44637
0.25523,0.22417,0.52059
0.27714,0.29903,0.42383
0.35293,0.46912,0.17794
0.28268,0.42627,0.29105
0.47131,0.35995,0.16875
0.27424,0.26054,0.46522
0.41453,0.23234,0.35312
0.36018,0.27759,0.36223
0.4862,0.387,0.1268
0.34201,0.31338,0.34461
0.40948,0.35852,0.23201
0.33527,0.32843,0.33629
0.38326,0.465,0.15174
0.32427,0.28356,0.39217
0.37585,0.43803,0.18612
0.26822,0.34184,0.38994
0.36318,0.27364,0.36318
0.36667,0.38102,0.25231
0.38844,0.35967,0.25188
0.26268,0.18075,0.55657
0.42946,0.32507,0.24548
0.34105,0.41194,0.24701
0.27943,0.31857,0.402
0.27214,0.35311,0.37475
0.32649,0.30784,0.36567
0.35811,0.35811,0.28377
0.29152,0.38359,0.32489
0.2194,0.20964,0.57096
0.35651,0.33426,0.30922
0.36884,0.33662,0.29454
0.36291,0.27418,0.36291
0.30638,0.38236,0.31127
0.34829,0.30343,0.34829
0.32655,0.33236,0.34109
0.34047,0.31907,0.34047
0.35638,0.28724,0.35638
0.302,0.25891,0.43908
0.32269,0.26863,0.40868
0.2591,0.39598,0.34493
0.39122,0.37066,0.23812
0.34125,0.40765,0.2511
0.28674,0.31471,0.39855
0.4087,0.29565,0.29565
0.3753,0.23005,0.39465
0.33227,0.43439,0.23333
0.34978,0.26711,0.38312
0.32431,0.27001,0.40568
0.44165,0.18535,0.373
0.30396,0.22719,0.46885
0.36308,0.43107,0.20585
0.33124,0.20582,0.46294
0.35822,0.34889,0.29289
0.28252,0.23191,0.48558
0.30739,0.23074,0.46188
0.42372,0.41232,0.16396
0.30876,0.23851,0.45273
0.29434,0.28299,0.42267
0.34033,0.3118,0.34788
0.34817,0.31414,0.3377
0.3815,0.33856,0.27993
0.3511,0.35846,0.29044
0.27588,0.22614,0.49797
0.25964,0.2654,0.47496
0.365,0.26999,0.365
0.31659,0.23384,0.44958
0.29435,0.28653,0.41912
0.36648,0.29488,0.33864
0.32006,0.35254,0.32739
0.29173,0.17344,0.53483
0.3185,0.2603,0.4212
0.31421,0.22266,0.46313
0.26046,0.20513,0.53441
0.28,0.29337,0.42663
0.42231,0.34249,0.2352
0.29966,0.40573,0.29461
0.36521,0.23037,0.40442
0.40525,0.34989,0.24486
0.28997,0.20276,0.50727
0.29843,0.14362,0.55795
0.35874,0.22697,0.41429
0.32865,0.26717,0.40418
0.33297,0.38535,0.28168
0.35325,0.43482,0.21193
0.37594,0.47631,0.14775
0.36738,0.35854,0.27408
0.44513,0.36392,0.19094
0.39877,0.38835,0.21289
0.40491,0.39423,0.20086
0.36164,0.33222,0.30614
0.35469,0.39568,0.24963
0.37524,0.32987,0.29489
0.34075,0.13788,0.52137
0.33289,0.39463,0.27248
0.3767,0.35528,0.26802
0.25631,0.26953,0.47415
0.37992,0.38878,0.2313
0.38925,0.34636,0.26439
0.33298,0.3211,0.34592
0.38008,0.26692,0.353
0.33758,0.29108,0.37134
0.33934,0.34131,0.31935
0.33656,0.39104,0.2724
0.34385,0.27638,0.37977
0.3605,0.43817,0.20133
0.3812,0.25817,0.36064
0.31594,0.33233,0.35173
0.27556,0.2431,0.48134
0.36125,0.31451,0.32425
0.31609,0.23825,0.44566
0.3559,0.349,0.2951
0.33015,0.31874,0.3511
0.34225,0.15857,0.49918
0.38079,0.32528,0.29392
0.35604,0.32761,0.31635
0.36853,0.35688,0.27458
0.36269,0.33897,0.29834
0.23761,0.30204,0.46034
0.31012,0.25365,0.43623
0.31395,0.2976,0.38845
0.33563,0.29663,0.36774
0.30763,0.44609,0.24628
0.29592,0.37245,0.33163
0.29896,0.35333,0.3477
0.27239,0.26016,0.46745
0.24392,0.30108,0.455
0.33007,0.32013,0.3498
0.35609,0.23837,0.40554
0.25957,0.34116,0.39927
0.30366,0.34378,0.35256
0.3458,0.34853,0.30567
0.31222,0.22292,0.46486
0.34433,0.30769,0.34798
0.36434,0.47308,0.16258
0.40061,0.40834,0.19105
0.41176,0.36284,0.2254
0.3834,0.20335,0.41325
0.27396,0.34694,0.3791
0.33962,0.27836,0.38201
0.3044,0.28968,0.40591
0.34766,0.40319,0.24915
0.36254,0.35887,0.27859
0.28076,0.42511,0.29413
0.38023,0.4359,0.18386
0.27956,0.37739,0.34305
0.40906,0.39459,0.19635
0.31106,0.36747,0.32148
0.43173,0.48282,0.085447
0.33573,0.35079,0.31349
0.35279,0.42465,0.22256
0.34668,0.39005,0.26327
0.3629,0.41903,0.21807
0.29771,0.29189,0.41039
0.3304,0.36486,0.30474
0.31617,0.30128,0.38255
0.27753,0.23077,0.4917
0.24296,0.2265,0.53054
0.34626,0.3144,0.33934
0.34766,0.29214,0.36019
0.46546,0.44131,0.093226
0.35918,0.40622,0.2346
0.44875,0.39836,0.1529
0.34124,0.33612,0.32264
0.39626,0.26494,0.3388
0.32603,0.30201,0.37196
0.3315,0.32004,0.34846
0.3188,0.34747,0.33373
0.29304,0.39478,0.31217
0.34352,0.34352,0.31295
0.3548,0.34747,0.29773
0.30693,0.24448,0.44859
0.35421,0.11467,0.53112
0.34718,0.46908,0.18375
0.34275,0.35057,0.30668
0.40297,0.34905,0.24798
0.22645,0.26653,0.50701
0.36112,0.42645,0.21242
0.389,0.40136,0.20963
0.32247,0.27428,0.40325
0.32002,0.27595,0.40403
0.36194,0.27613,0.36194
0.33645,0.33111,0.33244
0.30181,0.33683,0.36136
0.36113,0.43267,0.2062
0.24269,0.36526,0.39204
0.39738,0.30255,0.30007
0.27963,0.38309,0.33727
0.34822,0.31895,0.33283
0.31157,0.47488,0.21355
0.32357,0.3017,0.37474
0.34693,0.51251,0.14056
0.30382,0.38109,0.3151
0.31558,0.40437,0.28006
0.37486,0.23714,0.388
0.4061,0.47626,0.11764
0.33344,0.25041,0.41616
0.34135,0.33132,0.32732
0.34512,0.40738,0.2475
0.29081,0.37699,0.3322
0.3609,0.4902,0.1489
0.31273,0.3024,0.38487
0.32322,0.36139,0.31539
0.29568,0.31037,0.39395
0.37656,0.36115,0.26229
0.34282,0.24182,0.41536
0.25993,0.18697,0.55309
0.42927,0.29119,0.27954
0.36686,0.4189,0.21424
0.34596,0.32283,0.33121
0.36778,0.28747,0.34476
0.25386,0.2572,0.48894
0.27428,0.26019,0.46553
0.30095,0.18539,0.51366
0.39188,0.36755,0.24057
0.33237,0.36063,0.307
0.41385,0.3631,0.22305
0.35141,0.36325,0.28534
0.2697,0.4277,0.3026
0.34029,0.32465,0.33506
0.31952,0.45675,0.22374
0.46112,0.40826,0.13062
0.37847,0.41811,0.20342
0.33124,0.32509,0.34366
0.37626,0.38496,0.23879
0.24599,0.23199,0.52202
0.33715,0.35541,0.30743
0.32615,0.3207,0.35315
0.24427,0.24427,0.51145
0.32734,0.33243,0.34022
0.32022,0.3783,0.30148
0.31585,0.39834,0.28581
0.32059,0.35277,0.32664
0.32118,0.3291,0.34972
0.37006,0.35167,0.27827
0.27448,0.22626,0.49926
0.34491,0.46178,0.1933
0.34175,0.2634,0.39485
0.30804,0.41452,0.27744
0.2944,0.31722,0.38838
0.31119,0.35033,0.33849
0.3417,0.37015,0.28815
0.33814,0.25899,0.40286
0.37047,0.46012,0.16941
0.35857,0.27866,0.36277
0.29305,0.31586,0.39109
0.38488,0.35209,0.26302
0.37675,0.47049,0.15277
0.34601,0.327,0.327
0.3527,0.34297,0.30433
0.18243,0.39803,0.41953
0.34994,0.27611,0.37395
0.33849,0.29373,0.36778
0.28387,0.22114,0.49499
0.31228,0.3068,0.38092
0.37618,0.29224,0.33158
0.3462,0.40928,0.24451
0.24892,0.23282,0.51827
0.26935,0.27205,0.4586
0.32246,0.34662,0.33092
0.28678,0.2,0.51322
0.43031,0.33555,0.23413
0.34409,0.41481,0.24111
0.34749,0.36066,0.29184
0.33438,0.32346,0.34217
0.39433,0.39245,0.21321
0.28362,0.40186,0.31453
0.34408,0.35956,0.29636
0.40457,0.43434,0.16109
0.33606,0.2209,0.44304
0.27747,0.21317,0.50936
0.31289,0.27552,0.41158
0.36559,0.3892,0.24521
0.23367,0.39212,0.37421
0.34522,0.37607,0.27871
0.30315,0.23329,0.46356
0.32462,0.38765,0.28773
0.37471,0.28641,0.33887
0.38703,0.39194,0.22102
0.36756,0.30602,0.32642
0.30905,0.26254,0.42841
0.31095,0.2668,0.42225
0.35904,0.3635,0.27746
0.2868,0.34312,0.37008
0.31172,0.27313,0.41515
0.22357,0.31184,0.46459
0.37791,0.3386,0.28349
0.27912,0.18776,0.53312
0.33995,0.3145,0.34555
0.34603,0.3062,0.34777
0.26435,0.13536,0.60028
0.30406,0.31062,0.38532
0.38288,0.44495,0.17217
0.39253,0.23593,0.37154
0.36582,0.44799,0.18619
0.31608,0.18739,0.49654
0.38238,0.48428,0.13333
0.36232,0.37046,0.26721
0.35063,0.48175,0.16762
0.30327,0.20373,0.493
0.35379,0.29649,0.34972
0.28312,0.23849,0.47838
0.36678,0.33824,0.29498
0.36614,0.40226,0.2316
0.29453,0.3795,0.32597
0.35778,0.46521,0.17701
0.30355,0.19695,0.4995
0.3526,0.49891,0.14849
0.40187,0.36528,0.23284
0.36098,0.35157,0.28746
0.38283,0.37729,0.23988
0.36201,0.32942,0.30857
0.31457,0.35429,0.33114
0.33315,0.41964,0.2472
0.29191,0.21312,0.49497
0.34673,0.27199,0.38129
0.25417,0.2353,0.51053
0.32289,0.39809,0.27902
0.36765,0.46748,0.16487
0.44524,0.33841,0.21635
0.27164,0.17045,0.55791
0.37352,0.32675,0.29973
0.37118,0.12701,0.50181
0.39151,0.32842,0.28007
0.42815,0.32308,0.24877
0.11123,0.11123,0.77755
0.26568,0.31125,0.42307
0.29604,0.29078,0.41318
0.35038,0.32601,0.32361
0.30637,0.37726,0.31637
0.38034,0.29953,0.32014
0.29631,0.19846,0.50523
0.26793,0.23783,0.49424
0.32314,0.34904,0.32783
0.35329,0.49313,0.15358
0.26208,0.39765,0.34027
