0.068051,0.081651,0.079393,0.063509,0.076741,0.068051,0.086954,0.075231,0.069561,0.060516,0.074097,0.054478,0.074097,0.06767
0.077283,0.072309,0.083322,0.072309,0.06842,0.066289,0.063805,0.069126,0.067701,0.064511,0.074083,0.071596,0.070185,0.079061
0.066528,0.062289,0.076615,0.07368,0.075142,0.073238,0.076728,0.074405,0.074122,0.066959,0.069441,0.076048,0.071345,0.06346
0.073269,0.068125,0.076113,0.068753,0.064653,0.070756,0.071799,0.076528,0.075687,0.068967,0.075687,0.079764,0.080238,0.04966
0.084501,0.07307,0.061235,0.064658,0.06875,0.081027,0.070796,0.072388,0.07307,0.080345,0.073752,0.051408,0.073752,0.07125
0.075546,0.06651,0.072017,0.072584,0.073429,0.074979,0.07145,0.072295,0.077744,0.0699,0.072584,0.065383,0.07329,0.062288
0.068619,0.064853,0.080252,0.073026,0.065788,0.073026,0.079303,0.072399,0.072399,0.062329,0.073967,0.065788,0.075226,0.073026
0.059991,0.071949,0.072529,0.076297,0.058643,0.064979,0.073688,0.079499,0.069334,0.065559,0.079499,0.078326,0.070507,0.079202
0.060002,0.060569,0.074068,0.057799,0.061979,0.073791,0.070121,0.085376,0.077455,0.061979,0.084494,0.076612,0.079143,0.076612
0.068725,0.0698,0.080169,0.072301,0.069083,0.085599,0.068725,0.07767,0.08263,0.058323,0.073724,0.069083,0.065127,0.059041
0.048784,0.050301,0.061119,0.072961,0.072961,0.080456,0.084045,0.081429,0.08263,0.067893,0.080456,0.069574,0.067893,0.079495
0.064966,0.068861,0.068861,0.076145,0.085244,0.081007,0.072801,0.077662,0.076145,0.068861,0.058573,0.057087,0.06947,0.074317
0.065082,0.070708,0.077779,0.0849,0.077779,0.072551,0.072551,0.068754,0.073459,0.068492,0.062081,0.065741,0.066003,0.074119
0.058758,0.07263,0.075019,0.06859,0.066683,0.074543,0.069775,0.080277,0.089812,0.068345,0.076926,0.056696,0.080032,0.061915
0.062048,0.079103,0.073926,0.070575,0.068142,0.084316,0.065099,0.070876,0.083955,0.073626,0.075452,0.053568,0.07514,0.064174
0.068776,0.077133,0.083847,0.083431,0.06372,0.071283,0.071283,0.070022,0.059148,0.074621,0.068776,0.061226,0.071283,0.075452
0.065729,0.067713,0.086189,0.073387,0.076231,0.076231,0.074247,0.063163,0.069697,0.07709,0.070835,0.058386,0.070267,0.070835
0.066883,0.072502,0.082051,0.07713,0.0718,0.077843,0.070678,0.074746,0.072361,0.059727,0.066883,0.074325,0.074465,0.058604
0.065948,0.055566,0.075643,0.071492,0.060352,0.055566,0.070561,0.074027,0.072422,0.067105,0.074488,0.079574,0.069179,0.10808
0.068266,0.064201,0.075773,0.070603,0.070916,0.062791,0.062473,0.070133,0.072167,0.065916,0.076548,0.076396,0.073118,0.090699
0.069014,0.070158,0.080945,0.081721,0.064806,0.0617,0.071711,0.070934,0.074012,0.063959,0.072473,0.065922,0.072473,0.080172
0.07089,0.067054,0.083692,0.074983,0.070616,0.079904,0.069257,0.074706,0.065695,0.060221,0.077437,0.063505,0.082081,0.059956
0.075729,0.079268,0.083152,0.077498,0.071485,0.088806,0.07219,0.079616,0.067601,0.06258,0.048481,0.037548,0.077498,0.078548
0.076283,0.063755,0.067614,0.051838,0.051463,0.065278,0.079868,0.085689,0.081105,0.065965,0.082341,0.086688,0.079868,0.062243
0.072496,0.066398,0.080285,0.078931,0.066398,0.069101,0.074187,0.071817,0.070806,0.06504,0.074534,0.062643,0.069447,0.077915
0.066267,0.076994,0.066267,0.087023,0.076994,0.068057,0.069522,0.066267,0.066593,0.070329,0.059759,0.060892,0.067406,0.097629
0.077879,0.071433,0.082618,0.071993,0.068204,0.073515,0.068204,0.071238,0.071616,0.058725,0.07086,0.071433,0.071616,0.070665
0.072264,0.071934,0.076288,0.076771,0.072897,0.073874,0.070805,0.073874,0.06903,0.073543,0.070007,0.066774,0.065164,0.066774
0.068756,0.061093,0.067743,0.073952,0.078445,0.078873,0.077574,0.076133,0.074821,0.065574,0.074535,0.069769,0.069042,0.063691
0.058205,0.068191,0.065307,0.077709,0.086333,0.07305,0.07394,0.071955,0.071501,0.080579,0.061142,0.06221,0.068631,0.081247
0.072583,0.070997,0.072739,0.075434,0.063543,0.06815,0.070842,0.071629,0.075601,0.070997,0.076865,0.071152,0.069101,0.070365
0.078772,0.073579,0.078772,0.074963,0.060352,0.073236,0.067344,0.059782,0.08465,0.06907,0.071852,0.064918,0.080503,0.062207
0.075419,0.051226,0.055803,0.056848,0.062789,0.065242,0.082007,0.085528,0.072932,0.072932,0.077464,0.090753,0.087913,0.063143
0.063494,0.0549,0.059582,0.061006,0.056439,0.068856,0.068856,0.087994,0.086326,0.057465,0.096203,0.091585,0.076308,0.070985
0.086848,0.075448,0.073082,0.072795,0.071756,0.072795,0.066725,0.064222,0.06909,0.071604,0.070274,0.065699,0.070127,0.069535
0.062426,0.071096,0.059757,0.063308,0.067975,0.067312,0.087309,0.07488,0.074219,0.066859,0.076888,0.0751,0.075321,0.077549
0.052883,0.054369,0.061714,0.07125,0.079684,0.086075,0.082025,0.081752,0.075535,0.077195,0.077888,0.067931,0.060735,0.070965
0.062482,0.068787,0.059128,0.066865,0.076901,0.078451,0.084625,0.08184,0.078317,0.076259,0.077034,0.07046,0.063765,0.055085
0.06801,0.077608,0.072998,0.073182,0.07226,0.07097,0.07097,0.0717,0.072444,0.063954,0.071153,0.07097,0.073736,0.070044
0.074352,0.071826,0.072033,0.065706,0.06992,0.071826,0.069282,0.076453,0.074558,0.065706,0.079829,0.073927,0.074352,0.06023
0.11933,0.056076,0.059908,0.082229,0.068544,0.072412,0.079261,0.060808,0.069138,0.069436,0.063484,0.064968,0.069138,0.065272
0.066881,0.064738,0.079479,0.079479,0.083792,0.069038,0.068423,0.072423,0.077015,0.067495,0.069038,0.073037,0.068423,0.060739
0.068379,0.068028,0.06958,0.058217,0.062001,0.066136,0.081123,0.082677,0.078366,0.068555,0.080258,0.082677,0.07492,0.059082
0.069093,0.069776,0.072056,0.078637,0.069776,0.070686,0.073174,0.074543,0.071141,0.066581,0.074091,0.065903,0.074995,0.069549
0.067435,0.081426,0.083799,0.062515,0.061996,0.066656,0.078052,0.079609,0.085282,0.066137,0.078311,0.068213,0.072613,0.047956
0.073847,0.071246,0.073199,0.079677,0.072875,0.077406,0.071899,0.064747,0.064747,0.10049,0.054684,0.057555,0.061184,0.07644
0.065487,0.072178,0.084458,0.071644,0.069496,0.07644,0.070841,0.069496,0.071371,0.070841,0.075121,0.061478,0.070841,0.07031
0.055968,0.05712,0.080852,0.074769,0.0766,0.077817,0.0766,0.069005,0.076895,0.087473,0.074461,0.059297,0.060809,0.072335
0.067339,0.067339,0.071357,0.072303,0.070176,0.075392,0.075863,0.071594,0.072303,0.071357,0.073255,0.061652,0.079184,0.070884
0.077917,0.067868,0.065578,0.060057,0.065905,0.071759,0.073376,0.077602,0.077917,0.064937,0.073376,0.07403,0.077917,0.071759
0.057423,0.070543,0.077424,0.073764,0.074619,0.076557,0.076343,0.072694,0.076984,0.072908,0.075701,0.056995,0.069022,0.069022
0.057909,0.084715,0.062638,0.075611,0.067064,0.069112,0.080909,0.080909,0.071174,0.069112,0.077963,0.057277,0.077963,0.067645
0.06887,0.063812,0.10409,0.071399,0.068031,0.065782,0.074218,0.071958,0.066341,0.066341,0.074218,0.063812,0.065223,0.075903
0.066041,0.073021,0.066784,0.075543,0.079145,0.072728,0.079821,0.075655,0.071839,0.069159,0.06827,0.069013,0.06827,0.064712
0.054216,0.062482,0.078532,0.065851,0.071031,0.074117,0.075674,0.073607,0.074898,0.066884,0.080854,0.078264,0.069984,0.073607
0.053553,0.054454,0.084951,0.082608,0.061032,0.06855,0.074176,0.086895,0.065718,0.061972,0.076056,0.083084,0.072774,0.074176
0.059302,0.068476,0.074774,0.080848,0.079936,0.078674,0.075924,0.073287,0.075349,0.069504,0.066413,0.065039,0.069159,0.063314
0.064763,0.06782,0.072523,0.071209,0.07143,0.070227,0.07536,0.073506,0.076244,0.070448,0.07547,0.073506,0.073395,0.064099
0.064429,0.065584,0.067953,0.067419,0.074931,0.063706,0.074122,0.079756,0.072244,0.058361,0.083772,0.076534,0.075465,0.075725
0.062669,0.070402,0.075469,0.081122,0.077675,0.071528,0.073493,0.066886,0.079629,0.067311,0.061681,0.063232,0.069276,0.079629
0.063826,0.062521,0.076853,0.075446,0.060635,0.065567,0.069484,0.076156,0.071587,0.063101,0.078623,0.078623,0.071587,0.085992
0.076568,0.033227,0.073291,0.062629,0.060762,0.058776,0.08369,0.081506,0.078766,0.068109,0.080685,0.088827,0.082327,0.070836
0.077073,0.084543,0.085755,0.079693,0.068799,0.072633,0.064697,0.067784,0.069602,0.060891,0.058495,0.052857,0.076269,0.080907
0.065797,0.071547,0.07801,0.07029,0.07029,0.06705,0.076933,0.077822,0.077822,0.06472,0.078724,0.070828,0.074052,0.056115
0.065379,0.064346,0.063312,0.071176,0.071386,0.065995,0.079669,0.070758,0.07781,0.071804,0.07594,0.078007,0.074487,0.069931
0.075099,0.07191,0.075901,0.058032,0.0594,0.058853,0.071116,0.075099,0.073237,0.062274,0.086308,0.081504,0.074565,0.076702
0.073389,0.068215,0.080193,0.077284,0.080193,0.081491,0.073065,0.073065,0.070155,0.081491,0.065292,0.055961,0.065292,0.054913
0.061869,0.063305,0.06787,0.066032,0.057563,0.066032,0.075464,0.076224,0.073569,0.056845,0.092546,0.081145,0.079253,0.082282
0.067453,0.06806,0.057194,0.064143,0.073498,0.059612,0.081705,0.079531,0.071678,0.071678,0.085003,0.084392,0.082194,0.05386
0.06248,0.067264,0.074616,0.081104,0.075456,0.073204,0.061079,0.073484,0.07772,0.062199,0.06954,0.066705,0.06926,0.085889
0.067783,0.083572,0.061734,0.073832,0.080214,0.049597,0.076857,0.075844,0.074845,0.070141,0.075511,0.074499,0.072825,0.062746
0.064771,0.064049,0.068901,0.074259,0.068901,0.075969,0.07207,0.075969,0.076704,0.065746,0.077426,0.073284,0.072557,0.069395
0.072701,0.075082,0.078777,0.083004,0.077977,0.075876,0.072437,0.067921,0.071374,0.058154,0.063432,0.058942,0.06502,0.079303
0.069862,0.073851,0.071753,0.065424,0.066588,0.074324,0.075488,0.072917,0.071511,0.07573,0.075961,0.06169,0.073851,0.07105
0.06613,0.070741,0.079224,0.073658,0.068921,0.074393,0.07269,0.07451,0.07451,0.069411,0.071231,0.068559,0.066738,0.069283
0.074687,0.074037,0.079278,0.075017,0.068117,0.068117,0.07042,0.07042,0.07107,0.062578,0.071734,0.061223,0.072384,0.080917
0.070482,0.071744,0.072314,0.069494,0.063161,0.063863,0.067673,0.078792,0.07766,0.064292,0.076256,0.08597,0.081601,0.056698
0.065601,0.061539,0.076978,0.075359,0.072105,0.072919,0.069124,0.077531,0.078881,0.068584,0.074819,0.064509,0.071026,0.071026
0.049884,0.055414,0.066088,0.066832,0.086787,0.073468,0.081618,0.081979,0.078649,0.067572,0.072362,0.063503,0.069417,0.086426
0.040262,0.06406,0.067502,0.071005,0.069478,0.066754,0.066006,0.085189,0.079821,0.072546,0.085189,0.079057,0.07331,0.079821
0.056789,0.055847,0.073503,0.073503,0.068133,0.06664,0.078576,0.078576,0.080353,0.065442,0.080353,0.072601,0.074391,0.075293
0.064932,0.077862,0.079245,0.067821,0.077332,0.069037,0.066262,0.073886,0.071983,0.069724,0.073185,0.059068,0.067821,0.081841
0.068518,0.084408,0.086677,0.085543,0.076104,0.093478,0.068518,0.062553,0.076104,0.064388,0.053377,0.048941,0.074957,0.056435
0.058495,0.065512,0.070378,0.077149,0.073694,0.079567,0.077034,0.078991,0.077609,0.064732,0.073107,0.068432,0.075053,0.060245
0.052061,0.059519,0.073407,0.07055,0.084452,0.073407,0.072689,0.08517,0.078416,0.054875,0.075925,0.07055,0.064162,0.084818
0.059479,0.064593,0.076594,0.082585,0.068872,0.070299,0.07373,0.068024,0.071443,0.072586,0.075451,0.069451,0.070299,0.076594
0.077383,0.059257,0.077078,0.065401,0.063868,0.072772,0.068162,0.074931,0.078603,0.068478,0.083178,0.073394,0.084117,0.05338
0.064351,0.070376,0.075499,0.080365,0.070144,0.072937,0.077353,0.073864,0.072937,0.064814,0.07201,0.069453,0.062265,0.073632
0.072627,0.07033,0.069465,0.065123,0.063976,0.075798,0.07781,0.074058,0.066567,0.059656,0.09194,0.062248,0.065987,0.084412
0.064462,0.076513,0.06861,0.075981,0.086897,0.070515,0.064462,0.079515,0.064462,0.083338,0.06861,0.075981,0.06236,0.058296
0.062545,0.063591,0.067952,0.068835,0.070927,0.068305,0.075818,0.082813,0.080192,0.065167,0.07844,0.078969,0.075124,0.061322
0.072958,0.067293,0.07485,0.050682,0.061235,0.061613,0.06616,0.092634,0.080165,0.057456,0.08509,0.07713,0.07713,0.075605
0.062076,0.06585,0.080022,0.07532,0.075789,0.068209,0.078156,0.071543,0.072956,0.071543,0.06633,0.075789,0.068209,0.068209
0.056874,0.055056,0.073282,0.06138,0.068729,0.07713,0.072234,0.083077,0.090764,0.062081,0.088297,0.064184,0.075728,0.071183
0.066914,0.068889,0.086458,0.071749,0.071336,0.05586,0.072574,0.079929,0.081563,0.070525,0.074195,0.071336,0.063524,0.065146
0.073441,0.07276,0.074651,0.071551,0.063808,0.06827,0.072927,0.070522,0.06827,0.062974,0.076541,0.073956,0.07586,0.07447
0.056074,0.061132,0.072708,0.070728,0.056074,0.071523,0.081821,0.076278,0.067158,0.066335,0.085816,0.072708,0.077448,0.084197
0.063762,0.072052,0.065497,0.069284,0.075839,0.064808,0.073085,0.085507,0.084474,0.070661,0.079296,0.066186,0.075151,0.054397
0.048447,0.052551,0.059169,0.071586,0.075729,0.085445,0.085961,0.083631,0.078575,0.074175,0.078707,0.071321,0.061433,0.073268
0.050794,0.05263,0.063119,0.070475,0.084575,0.08384,0.084085,0.083473,0.079911,0.072555,0.080181,0.069924,0.066313,0.058125
0.068046,0.072864,0.071379,0.075455,0.052836,0.055747,0.07806,0.083259,0.083635,0.066518,0.086211,0.082517,0.070637,0.052836
0.074562,0.079123,0.082769,0.077066,0.070909,0.075931,0.062935,0.061038,0.074562,0.07,0.069546,0.052891,0.069546,0.079123
0.056254,0.070515,0.07026,0.078717,0.078985,0.081893,0.07026,0.073436,0.080043,0.078717,0.080043,0.045666,0.064698,0.070515
0.072626,0.068717,0.067673,0.064305,0.061968,0.064305,0.076249,0.077281,0.072626,0.077281,0.078325,0.078325,0.081184,0.059135
0.078611,0.065817,0.073712,0.058705,0.050338,0.054117,0.071269,0.076709,0.076709,0.064738,0.083793,0.093388,0.093388,0.058705
0.060417,0.064168,0.068347,0.072243,0.076879,0.073538,0.078151,0.079654,0.080579,0.067919,0.07711,0.069642,0.069642,0.061711
0.059894,0.062325,0.070659,0.079205,0.080385,0.07204,0.076738,0.074826,0.082628,0.071001,0.069785,0.072913,0.070305,0.057297
0.058022,0.063011,0.054154,0.057356,0.063011,0.048152,0.077497,0.093636,0.078817,0.061757,0.092969,0.086727,0.082445,0.082445
0.056395,0.066617,0.060499,0.067448,0.070784,0.073843,0.081345,0.080792,0.072445,0.070784,0.078022,0.084467,0.072445,0.064112
0.056671,0.063501,0.056671,0.064055,0.065693,0.072259,0.073357,0.088903,0.082946,0.059181,0.089564,0.084306,0.075826,0.067067
0.047864,0.053815,0.04864,0.054591,0.061952,0.063595,0.0756,0.086156,0.088096,0.088096,0.092106,0.08719,0.082288,0.070011
0.065734,0.070277,0.065734,0.072674,0.069807,0.070277,0.069323,0.079861,0.080586,0.070277,0.082495,0.073154,0.067898,0.061903
0.06931,0.069548,0.067324,0.071646,0.074864,0.082277,0.070779,0.075353,0.070541,0.076472,0.068681,0.06794,0.068681,0.066583
0.058338,0.061004,0.044124,0.072138,0.085908,0.067815,0.074285,0.089344,0.087211,0.069562,0.090632,0.079468,0.070421,0.049751
0.06983,0.074906,0.077687,0.074906,0.069504,0.074906,0.06934,0.071314,0.074906,0.063788,0.072783,0.060562,0.071314,0.074253
0.066473,0.073553,0.076541,0.081738,0.077436,0.075413,0.077785,0.073553,0.073367,0.067588,0.06796,0.066844,0.06274,0.059007
0.067907,0.058627,0.06339,0.061888,0.064645,0.0699,0.07417,0.083696,0.076927,0.066897,0.084938,0.077678,0.075167,0.07417
0.087242,0.063787,0.070893,0.052552,0.053717,0.058636,0.074078,0.077016,0.072121,0.079462,0.081417,0.085339,0.069418,0.074324
0.055207,0.076651,0.063154,0.08579,0.058329,0.069228,0.055207,0.078829,0.077516,0.065283,0.074891,0.073585,0.065283,0.10105
0.071523,0.070674,0.06049,0.077017,0.084658,0.04567,0.047826,0.066862,0.071523,0.077869,0.07617,0.067711,0.077869,0.10414
0.052651,0.053487,0.078774,0.072148,0.074213,0.066368,0.089901,0.079991,0.0862,0.053487,0.075873,0.072971,0.080469,0.063468
0.061286,0.068025,0.075112,0.078844,0.071002,0.068025,0.061286,0.073616,0.07623,0.06056,0.083332,0.065353,0.081461,0.075867
0.081763,0.078145,0.070248,0.066109,0.061955,0.061556,0.06637,0.073468,0.06958,0.06758,0.076536,0.077883,0.07494,0.073867
0.071926,0.059554,0.074115,0.066753,0.069937,0.069937,0.071323,0.075116,0.080295,0.071323,0.077511,0.071727,0.077511,0.062972
0.070094,0.066382,0.068949,0.070673,0.070528,0.071673,0.072396,0.077253,0.069383,0.067517,0.075975,0.076831,0.071673,0.070673
0.061433,0.07519,0.062392,0.075773,0.076538,0.071365,0.077303,0.070418,0.066593,0.076538,0.065647,0.066412,0.073853,0.080545
0.086996,0.072181,0.082953,0.071006,0.066832,0.058823,0.067014,0.069101,0.065658,0.055041,0.070458,0.07934,0.077162,0.077436
0.074559,0.075415,0.0521,0.072287,0.077112,0.078525,0.079095,0.070581,0.066045,0.081078,0.059746,0.065474,0.073138,0.074844
0.044234,0.051839,0.057922,0.069114,0.077086,0.079963,0.084666,0.082435,0.081611,0.077086,0.07791,0.075984,0.071859,0.06829
0.059684,0.069881,0.072586,0.076054,0.077012,0.074708,0.071046,0.073155,0.079716,0.067574,0.079522,0.067766,0.072198,0.059102
0.071698,0.066719,0.070038,0.066389,0.06174,0.070368,0.076665,0.074676,0.077666,0.06008,0.082254,0.079655,0.075335,0.066719
0.065486,0.069058,0.072984,0.068661,0.078457,0.066308,0.07494,0.07141,0.077676,0.061942,0.073763,0.07416,0.066308,0.078849
0.060447,0.055238,0.061707,0.062118,0.070247,0.06316,0.081888,0.080676,0.077951,0.064408,0.083341,0.08855,0.076279,0.07399
0.059136,0.072662,0.077295,0.073084,0.064251,0.064251,0.065507,0.078983,0.075189,0.067404,0.083824,0.079611,0.073714,0.065089
0.068089,0.072394,0.068882,0.080652,0.079066,0.066334,0.078726,0.072235,0.070638,0.072065,0.068407,0.068248,0.068248,0.066016
0.051029,0.064327,0.063433,0.066971,0.069928,0.064029,0.078791,0.091505,0.080554,0.06491,0.08115,0.088525,0.075836,0.059013
0.054495,0.069791,0.059425,0.080704,0.092469,0.068312,0.081303,0.074794,0.065074,0.077159,0.064488,0.059425,0.069791,0.082769
0.051789,0.062456,0.072719,0.081239,0.080005,0.082219,0.078033,0.075073,0.072719,0.072719,0.066803,0.063341,0.065689,0.075196
0.06122,0.047628,0.071801,0.063452,0.071525,0.072917,0.087697,0.081579,0.080379,0.074861,0.077368,0.069306,0.069582,0.070686
0.072769,0.072421,0.064099,0.0745,0.07693,0.070334,0.065839,0.073465,0.069986,0.067217,0.071725,0.072421,0.067912,0.080382
0.068791,0.065955,0.069923,0.067519,0.068791,0.064818,0.072614,0.073457,0.080824,0.073457,0.077574,0.073176,0.077709,0.065393
0.081188,0.071786,0.065576,0.069604,0.070108,0.066247,0.067762,0.068932,0.074817,0.069604,0.076158,0.072792,0.07196,0.073463
0.088307,0.074472,0.075597,0.062138,0.045252,0.053915,0.066999,0.058828,0.083083,0.055337,0.086497,0.092832,0.086755,0.069986
0.063563,0.069024,0.069024,0.082051,0.08911,0.068504,0.069024,0.064602,0.076317,0.069024,0.05914,0.06616,0.073193,0.081265
0.072292,0.069983,0.077164,0.077872,0.082504,0.060904,0.062745,0.06674,0.072292,0.088523,0.060904,0.06487,0.06487,0.078337
0.060654,0.05761,0.061785,0.07149,0.0785,0.065205,0.082116,0.076237,0.08095,0.069017,0.078734,0.072633,0.074908,0.07016
0.067562,0.073242,0.071889,0.072504,0.070525,0.068928,0.071398,0.074237,0.07559,0.070771,0.074237,0.070525,0.07361,0.064981
0.060603,0.063143,0.074128,0.072716,0.072716,0.076656,0.080914,0.085618,0.083736,0.071587,0.08009,0.053511,0.072716,0.051865
0.065734,0.078768,0.077204,0.075391,0.074342,0.075124,0.08242,0.080857,0.078505,0.040336,0.068598,0.058994,0.079556,0.06417
0.067317,0.067842,0.078718,0.07288,0.07288,0.06493,0.069167,0.078981,0.077918,0.060482,0.072355,0.072355,0.067317,0.076855
0.0717,0.083444,0.087217,0.0717,0.063752,0.061052,0.064553,0.071221,0.061052,0.04251,0.070898,0.087863,0.088638,0.074399
0.06363,0.05394,0.065362,0.074755,0.076838,0.075084,0.086265,0.080565,0.080017,0.070579,0.074098,0.073111,0.070579,0.055179
0.07528,0.077549,0.076981,0.079795,0.069935,0.069935,0.065994,0.067412,0.058977,0.072757,0.066561,0.069652,0.067412,0.081759
0.071141,0.073386,0.057464,0.063587,0.080098,0.09134,0.071141,0.067225,0.06247,0.079258,0.074502,0.060513,0.07198,0.075895
0.065393,0.067809,0.072179,0.074583,0.074583,0.073935,0.077881,0.076786,0.072179,0.067147,0.072179,0.068669,0.062967,0.073711
0.062409,0.07393,0.059025,0.059701,0.065617,0.07393,0.075409,0.0763,0.068582,0.076598,0.077788,0.070965,0.071561,0.088185
0.060554,0.066569,0.07737,0.070569,0.063431,0.067774,0.075767,0.081379,0.079762,0.055348,0.079762,0.07737,0.065774,0.07857
0.078128,0.080735,0.070693,0.061401,0.055534,0.06488,0.074923,0.080735,0.073108,0.055534,0.084146,0.07993,0.085948,0.054306
0.06452,0.067891,0.065442,0.067891,0.063295,0.062071,0.074943,0.085324,0.07982,0.062071,0.082269,0.082572,0.07982,0.062071
0.078982,0.074828,0.072756,0.068627,0.071385,0.075528,0.075528,0.074142,0.062007,0.067927,0.06517,0.066556,0.068963,0.077602
0.049489,0.062574,0.055449,0.064362,0.079183,0.07426,0.078276,0.081424,0.076954,0.073359,0.086412,0.079623,0.080077,0.058558
0.069717,0.072383,0.083007,0.074653,0.075419,0.073901,0.066298,0.074653,0.073135,0.062553,0.071617,0.048794,0.073901,0.079969
0.066468,0.065278,0.066861,0.060586,0.062479,0.072987,0.074163,0.084225,0.078707,0.06824,0.08482,0.069619,0.080682,0.064886
0.062996,0.057069,0.055553,0.066484,0.060791,0.060239,0.078081,0.080903,0.080903,0.067104,0.08184,0.08184,0.076514,0.089684
0.054873,0.059726,0.063191,0.069285,0.057569,0.063191,0.07668,0.087136,0.081473,0.072332,0.085397,0.091005,0.071025,0.067115
0.059435,0.071722,0.083951,0.079367,0.075998,0.064424,0.067745,0.080896,0.063711,0.073247,0.059435,0.061003,0.064424,0.094641
0.061528,0.070741,0.076189,0.082623,0.079123,0.082863,0.063416,0.062995,0.074517,0.066969,0.061528,0.054601,0.068015,0.09489
0.069449,0.067095,0.070316,0.078238,0.074592,0.075245,0.073737,0.070316,0.071813,0.070958,0.070958,0.064735,0.065808,0.076741
0.0671,0.072525,0.070776,0.06923,0.06421,0.071171,0.074837,0.074262,0.073879,0.06768,0.075425,0.077162,0.073292,0.068452
0.046717,0.075659,0.073291,0.069772,0.067822,0.092041,0.072119,0.077216,0.085838,0.064707,0.076823,0.055326,0.074848,0.067822
0.061264,0.062103,0.070593,0.079986,0.060285,0.062103,0.077,0.083406,0.076146,0.061264,0.078278,0.065041,0.076146,0.086385
0.064621,0.065589,0.072388,0.077427,0.083237,0.067337,0.070253,0.065589,0.075103,0.076467,0.065977,0.061704,0.068107,0.086201
0.043892,0.068814,0.062237,0.067184,0.058025,0.074712,0.076672,0.08027,0.082566,0.066518,0.091997,0.046882,0.079944,0.10029
0.065392,0.068555,0.073139,0.077005,0.063972,0.071733,0.074896,0.075248,0.063972,0.068555,0.07349,0.062285,0.069961,0.091796
0.085133,0.067891,0.054687,0.05752,0.078332,0.077128,0.059504,0.066276,0.074309,0.097614,0.073104,0.062621,0.064746,0.081136
0.074797,0.070206,0.074797,0.085229,0.070619,0.075223,0.073546,0.061437,0.070619,0.058963,0.062262,0.066866,0.069368,0.086067
0.077403,0.072082,0.078345,0.061753,0.073023,0.0661,0.093183,0.065159,0.059814,0.065159,0.064536,0.069243,0.072386,0.081815
0.075107,0.082372,0.083983,0.064151,0.054924,0.066055,0.066348,0.075107,0.071269,0.056242,0.076718,0.068633,0.074697,0.084393
0.083349,0.068782,0.070996,0.070996,0.054173,0.066247,0.07861,0.078293,0.070996,0.064061,0.07861,0.073531,0.079243,0.062111
0.047751,0.06287,0.064522,0.083328,0.086669,0.076722,0.076069,0.072422,0.070436,0.080691,0.067159,0.064522,0.069783,0.077055
0.066051,0.065733,0.057176,0.056513,0.069036,0.069699,0.071013,0.080604,0.077646,0.073347,0.082594,0.083907,0.076982,0.069699
0.065534,0.072402,0.068976,0.073165,0.05536,0.061794,0.072402,0.081514,0.070128,0.067479,0.080751,0.073165,0.073928,0.083404
0.063646,0.0685,0.070157,0.073933,0.075242,0.07062,0.076297,0.075949,0.076424,0.069091,0.071929,0.069682,0.069798,0.068732
0.05354,0.075709,0.070797,0.082086,0.073113,0.070797,0.071372,0.073983,0.073983,0.063865,0.070797,0.061505,0.066815,0.091638
0.051563,0.087108,0.06433,0.05362,0.060477,0.073998,0.076071,0.073998,0.077107,0.073655,0.080553,0.086765,0.067443,0.073312
0.071042,0.074051,0.074658,0.076763,0.068627,0.066832,0.071042,0.071042,0.070738,0.070738,0.066832,0.070435,0.070435,0.076763
0.074732,0.077908,0.073264,0.067858,0.075959,0.074487,0.071538,0.05085,0.06565,0.078898,0.071043,0.073746,0.070802,0.073264
0.066777,0.068628,0.073419,0.078647,0.074036,0.070177,0.079993,0.074833,0.073576,0.069245,0.069874,0.06956,0.068785,0.06245
0.071669,0.063509,0.072964,0.073296,0.072964,0.070845,0.078805,0.075094,0.075415,0.070192,0.071337,0.068565,0.072483,0.062861
0.12573,0.069416,0.075756,0.075756,0.06519,0.070473,0.062364,0.070817,0.066947,0.059194,0.073287,0.048319,0.056024,0.08073
0.05915,0.058375,0.076895,0.072166,0.072956,0.066227,0.078471,0.076895,0.07335,0.076895,0.076508,0.079271,0.078083,0.054759
0.060907,0.059822,0.062264,0.078773,0.07416,0.060365,0.07119,0.077959,0.076609,0.072275,0.072818,0.071732,0.066849,0.094278
0.068179,0.078238,0.074484,0.072122,0.058459,0.061294,0.07173,0.07173,0.074484,0.063238,0.080803,0.080209,0.075473,0.069557
0.068608,0.064868,0.08627,0.064868,0.053218,0.066752,0.077899,0.081623,0.073728,0.055663,0.075123,0.075123,0.064868,0.09139
0.086312,0.047692,0.065265,0.074843,0.071784,0.069866,0.082878,0.068713,0.075996,0.071019,0.074843,0.079054,0.083266,0.048469
0.061642,0.063961,0.060961,0.062324,0.065979,0.060961,0.061642,0.076086,0.079112,0.064629,0.086504,0.084486,0.067657,0.10406
0.067152,0.077783,0.052144,0.073796,0.077783,0.069376,0.075125,0.08398,0.070258,0.078231,0.068048,0.074678,0.061389,0.070258
0.058439,0.060165,0.068428,0.06946,0.06774,0.066539,0.068601,0.078079,0.084139,0.066878,0.08088,0.077379,0.072394,0.08088
0.053191,0.055625,0.068373,0.058559,0.067578,0.069169,0.086907,0.085568,0.080565,0.058023,0.083742,0.085081,0.07129,0.076329
0.052671,0.071759,0.087689,0.073079,0.076074,0.086694,0.06511,0.075413,0.075413,0.064188,0.060196,0.051596,0.073755,0.086362
0.070513,0.067769,0.085411,0.072338,0.075081,0.063242,0.072338,0.075991,0.083902,0.067769,0.067769,0.053502,0.071117,0.073257
0.059581,0.077054,0.074014,0.064481,0.072113,0.058778,0.079718,0.077054,0.081245,0.072488,0.080481,0.053824,0.074014,0.075154
0.0697,0.04671,0.068439,0.071281,0.07476,0.069386,0.080124,0.081134,0.076974,0.068123,0.079504,0.070965,0.078871,0.064031
0.051551,0.054834,0.05605,0.056706,0.06681,0.068346,0.091674,0.088634,0.088026,0.062226,0.082798,0.094713,0.08219,0.055442
0.069422,0.064102,0.056266,0.064102,0.063917,0.068001,0.07438,0.083906,0.08588,0.068889,0.083659,0.077934,0.080229,0.059314
0.071158,0.057975,0.061203,0.056038,0.063992,0.056813,0.082676,0.081488,0.085865,0.063192,0.077111,0.081488,0.085465,0.075536
0.084143,0.07315,0.07058,0.06912,0.06912,0.065091,0.06839,0.083034,0.01755,0.079381,0.080844,0.084508,0.083034,0.072055
0.061284,0.063654,0.074975,0.068927,0.073916,0.059443,0.074446,0.076816,0.068401,0.11297,0.068927,0.052093,0.073387,0.070764
0.060663,0.063696,0.10212,0.083715,0.075107,0.071712,0.070485,0.081259,0.041597,0.072333,0.073879,0.056619,0.075713,0.071106
0.057719,0.054891,0.059698,0.061472,0.068992,0.073544,0.090499,0.084225,0.084418,0.068003,0.080857,0.076307,0.073544,0.06583
0.06292,0.061193,0.076941,0.079258,0.078679,0.072688,0.072213,0.070637,0.07584,0.064335,0.063708,0.061657,0.068273,0.091657
0.064088,0.058034,0.079895,0.074785,0.070607,0.070839,0.068745,0.07269,0.073854,0.064774,0.081059,0.07269,0.072457,0.075484
0.05775,0.058138,0.068273,0.070377,0.079242,0.075362,0.082416,0.081123,0.078654,0.063299,0.074974,0.072682,0.070189,0.06752
0.045022,0.05458,0.071783,0.065169,0.078726,0.066678,0.079632,0.082348,0.074815,0.060655,0.081443,0.089542,0.072388,0.077217
0.05446,0.066539,0.06525,0.079074,0.082902,0.079832,0.072428,0.073691,0.071658,0.070635,0.068586,0.068068,0.064227,0.08265
0.052171,0.081403,0.052171,0.07442,0.087518,0.056036,0.079223,0.081845,0.0705,0.081403,0.06745,0.075731,0.07442,0.065711
0.062823,0.068204,0.059026,0.071369,0.059975,0.055861,0.072002,0.076749,0.068837,0.064881,0.092653,0.077335,0.07409,0.096197
0.065296,0.07025,0.078049,0.076156,0.063574,0.068154,0.073495,0.069863,0.067767,0.069476,0.072333,0.071572,0.07025,0.083764
0.063633,0.055035,0.075355,0.067379,0.076643,0.074174,0.081474,0.074818,0.076858,0.072886,0.074818,0.07353,0.078361,0.055035
0.063555,0.068422,0.067254,0.074831,0.072108,0.074248,0.072304,0.069576,0.067451,0.075217,0.073084,0.066861,0.070166,0.084924
0.074052,0.075441,0.078913,0.078913,0.07717,0.067817,0.07092,0.074747,0.060873,0.080657,0.069531,0.074747,0.069531,0.046689
0.070693,0.069311,0.067103,0.076495,0.072902,0.067659,0.076495,0.077874,0.066548,0.072075,0.067103,0.054463,0.075115,0.086165
0.10162,0.067661,0.078508,0.071176,0.074401,0.074401,0.067082,0.065028,0.059763,0.066779,0.062975,0.070307,0.067661,0.072637
0.072492,0.076297,0.067345,0.063259,0.065699,0.061357,0.070333,0.073577,0.074394,0.075211,0.076297,0.081468,0.07276,0.069512
0.067854,0.076786,0.0753,0.072017,0.072315,0.076786,0.074701,0.062228,0.069048,0.078565,0.067854,0.066377,0.071122,0.069048
0.070354,0.077228,0.067354,0.066807,0.075274,0.076367,0.079089,0.070354,0.073088,0.078275,0.068982,0.071169,0.070354,0.055304
0.098056,0.089408,0.089009,0.062905,0.053618,0.054949,0.063517,0.069371,0.063823,0.05761,0.072431,0.083527,0.080441,0.061335
0.069849,0.073192,0.076526,0.061478,0.067341,0.069849,0.080704,0.073192,0.068599,0.07445,0.075268,0.069849,0.072362,0.067341
0.07199,0.070712,0.07167,0.076782,0.082213,0.07806,0.07838,0.069764,0.070403,0.072309,0.071032,0.067858,0.069125,0.049701
0.074281,0.073093,0.087407,0.069123,0.061225,0.063602,0.073484,0.065139,0.05843,0.072296,0.071108,0.06992,0.062763,0.098128
0.066846,0.064893,0.073837,0.087088,0.073058,0.066846,0.080436,0.072672,0.075008,0.065283,0.0591,0.059881,0.069176,0.085877
0.08336,0.066645,0.067372,0.073615,0.073615,0.070486,0.065917,0.069438,0.06874,0.063589,0.069788,0.069438,0.066645,0.091353
0.064466,0.070513,0.075626,0.073518,0.069605,0.069001,0.07836,0.07957,0.077756,0.072011,0.064466,0.063256,0.083487,0.058366
0.064514,0.068163,0.060075,0.068163,0.068718,0.070688,0.072367,0.069287,0.065638,0.071521,0.084979,0.071243,0.076307,0.088336
0.073723,0.077463,0.074524,0.072652,0.073186,0.080397,0.072381,0.072381,0.063828,0.077188,0.060383,0.064889,0.070246,0.066762
0.075719,0.082469,0.076947,0.075413,0.073891,0.07664,0.079708,0.046917,0.069583,0.072351,0.065582,0.07143,0.077867,0.055482
0.070025,0.061696,0.066503,0.077417,0.077739,0.084739,0.073564,0.070025,0.074853,0.079982,0.064583,0.068742,0.065549,0.064583
0.070312,0.075347,0.078433,0.068628,0.068628,0.070593,0.077023,0.064144,0.069466,0.066392,0.07367,0.072273,0.077303,0.067789
0.073653,0.054497,0.073388,0.072099,0.082143,0.078807,0.077541,0.07287,0.078807,0.065894,0.068729,0.067693,0.079382,0.054497
0.057989,0.060504,0.061034,0.065019,0.070301,0.077821,0.076325,0.081594,0.079834,0.079834,0.085354,0.073561,0.072049,0.058783
0.072284,0.067841,0.080249,0.080727,0.078479,0.080727,0.070047,0.063864,0.061676,0.075824,0.071375,0.059021,0.069605,0.068283
0.066587,0.067719,0.071799,0.074063,0.072025,0.067719,0.072705,0.069988,0.071346,0.07429,0.076101,0.078139,0.083775,0.053745
0.072063,0.064717,0.069877,0.069489,0.070873,0.073654,0.075244,0.076844,0.074248,0.067304,0.078631,0.07465,0.069877,0.062531
0.073126,0.076272,0.07568,0.078255,0.080812,0.076469,0.072724,0.063056,0.071734,0.076272,0.069176,0.061061,0.071934,0.053429
0.073046,0.075297,0.086824,0.086206,0.079786,0.074975,0.066602,0.064685,0.067567,0.066602,0.060183,0.061791,0.070786,0.06565
0.083952,0.05897,0.061695,0.066786,0.066146,0.073348,0.076315,0.072717,0.073141,0.075471,0.077799,0.077595,0.081829,0.054237
0.073985,0.083438,0.068394,0.081022,0.076413,0.073738,0.067182,0.063053,0.064014,0.07592,0.064261,0.057704,0.065961,0.084917
0.06335,0.072158,0.081898,0.076618,0.079201,0.077067,0.073798,0.069057,0.073798,0.070529,0.062534,0.066608,0.069383,0.064003
0.079448,0.073734,0.07242,0.062526,0.062094,0.062094,0.071759,0.076153,0.06879,0.068568,0.079998,0.081096,0.079448,0.061872
0.077668,0.066111,0.068761,0.065141,0.066111,0.080318,0.072369,0.077668,0.071165,0.064185,0.082011,0.074539,0.075263,0.05869
0.076918,0.07511,0.067345,0.071228,0.074586,0.077652,0.073816,0.073816,0.069164,0.074842,0.07356,0.070971,0.076918,0.044073
0.063651,0.064218,0.07019,0.063651,0.071044,0.073322,0.086373,0.07389,0.075024,0.067345,0.075882,0.070759,0.075882,0.06877
0.064878,0.084202,0.048892,0.061619,0.066366,0.065771,0.077373,0.073216,0.069043,0.072621,0.077373,0.07173,0.082715,0.084202
0.067986,0.067986,0.068833,0.079409,0.081615,0.074824,0.072258,0.065234,0.072769,0.069181,0.058907,0.061995,0.067986,0.091019
0.065371,0.074148,0.078638,0.07595,0.077921,0.073432,0.075221,0.066623,0.068769,0.068054,0.060941,0.065729,0.067696,0.081507
0.071429,0.065158,0.070375,0.062222,0.064731,0.068294,0.08125,0.074771,0.078955,0.072884,0.07686,0.075189,0.077701,0.060181
0.071079,0.085738,0.075742,0.08007,0.082737,0.065075,0.071735,0.044677,0.063805,0.078406,0.073075,0.060035,0.066751,0.081075
0.074368,0.083843,0.088898,0.081634,0.068056,0.075625,0.063695,0.062395,0.057917,0.073415,0.063695,0.065861,0.060228,0.080371
0.066768,0.067452,0.071823,0.076039,0.072325,0.076542,0.074182,0.072325,0.069979,0.076542,0.073512,0.068625,0.066433,0.067452
0.059715,0.065493,0.060959,0.073354,0.076374,0.071542,0.078187,0.064288,0.070026,0.083019,0.075169,0.073959,0.064288,0.083627
0.068656,0.060419,0.064578,0.063874,0.066962,0.073302,0.081891,0.08456,0.079073,0.077102,0.081458,0.080198,0.071325,0.046601
0.058363,0.063364,0.083058,0.079456,0.078069,0.07724,0.07474,0.05975,0.08057,0.076411,0.06808,0.060307,0.067239,0.073353
0.06782,0.069749,0.067399,0.074883,0.073169,0.057347,0.07381,0.071672,0.069966,0.073169,0.072741,0.07616,0.071458,0.080656
0.073214,0.068869,0.067666,0.064041,0.063316,0.064999,0.076611,0.081193,0.076844,0.06984,0.08241,0.080236,0.081439,0.049322
0.076037,0.075643,0.077863,0.072922,0.068782,0.065261,0.068579,0.071001,0.073925,0.067271,0.074832,0.076347,0.074736,0.056801
0.079214,0.081343,0.078424,0.079482,0.073897,0.076817,0.065688,0.061737,0.059327,0.07363,0.064094,0.063304,0.073107,0.069933
0.074636,0.061855,0.069068,0.061191,0.070051,0.075939,0.073321,0.082219,0.076922,0.062838,0.071367,0.087381,0.073653,0.059557
0.090839,0.067244,0.086284,0.07114,0.078162,0.074316,0.063372,0.062664,0.061259,0.074316,0.0563,0.061968,0.074316,0.07782
0.068847,0.11038,0.068847,0.070523,0.073045,0.077668,0.070523,0.063823,0.071361,0.073872,0.07178,0.039968,0.07178,0.067582
0.07965,0.08826,0.06879,0.055156,0.056395,0.058719,0.064761,0.071733,0.070029,0.074057,0.07965,0.073143,0.06879,0.090867
0.056885,0.06032,0.062656,0.068729,0.061694,0.063906,0.073236,0.079996,0.079996,0.078063,0.074198,0.068729,0.077742,0.093847
0.067326,0.069565,0.069188,0.085602,0.073297,0.086696,0.077388,0.073672,0.080369,0.07144,0.060271,0.056886,0.065829,0.062471
0.06845,0.074536,0.072945,0.079542,0.079319,0.078095,0.073468,0.071565,0.074202,0.072255,0.064813,0.067238,0.06637,0.057203
0.07184,0.07408,0.055604,0.0674,0.056279,0.057088,0.075558,0.087009,0.078885,0.061137,0.081827,0.086281,0.068128,0.078885
0.063522,0.064439,0.064629,0.073224,0.08095,0.084046,0.081665,0.071213,0.074867,0.075784,0.068844,0.06151,0.068844,0.066464
0.070736,0.071043,0.078596,0.078596,0.073174,0.070137,0.061012,0.066207,0.075286,0.070736,0.061012,0.060479,0.065608,0.097379
0.087157,0.078006,0.068507,0.067413,0.071429,0.071429,0.07179,0.067774,0.066307,0.074711,0.066307,0.069967,0.07179,0.067413
0.059265,0.060986,0.064074,0.056531,0.063049,0.074341,0.074683,0.072974,0.089699,0.073657,0.082273,0.079091,0.077429,0.071948
0.084122,0.081446,0.07112,0.069214,0.059334,0.07112,0.073025,0.076079,0.064254,0.07189,0.07189,0.074174,0.082595,0.049738
0.077829,0.083724,0.082957,0.075015,0.068624,0.071194,0.067857,0.063254,0.061773,0.077829,0.061773,0.067345,0.065555,0.075271
0.07203,0.081586,0.081586,0.073531,0.067848,0.080983,0.066052,0.074122,0.061253,0.069939,0.06246,0.063358,0.071721,0.073531
0.078172,0.066374,0.074227,0.070028,0.068621,0.066933,0.078172,0.070585,0.070028,0.06975,0.06975,0.072545,0.077603,0.067215
0.051958,0.062617,0.062617,0.068324,0.064186,0.068057,0.08125,0.076612,0.077646,0.077181,0.077646,0.077646,0.076612,0.077646
0.063396,0.065826,0.079128,0.075135,0.069145,0.065826,0.076253,0.072922,0.079741,0.068929,0.07137,0.069145,0.078238,0.064948
0.068048,0.068871,0.06968,0.07944,0.090035,0.073345,0.077013,0.076191,0.074159,0.074159,0.048149,0.062359,0.067239,0.071311
0.065158,0.058747,0.061456,0.076967,0.071903,0.058747,0.082679,0.079028,0.079381,0.071903,0.067182,0.076967,0.076625,0.073257
0.069483,0.058863,0.069483,0.078101,0.069483,0.069483,0.068628,0.080092,0.072645,0.067188,0.081497,0.074647,0.072645,0.067762
0.051251,0.066434,0.070982,0.070591,0.082498,0.083209,0.08309,0.071384,0.07632,0.072958,0.072769,0.065841,0.071574,0.061099
0.075588,0.074089,0.069952,0.073333,0.064301,0.079355,0.069952,0.066934,0.065434,0.084281,0.062046,0.062046,0.074089,0.078599
0.06266,0.074015,0.048686,0.072559,0.056188,0.058836,0.075177,0.081885,0.077501,0.070515,0.084503,0.078384,0.079546,0.079546
0.079847,0.076343,0.070913,0.057886,0.060081,0.070913,0.083351,0.075059,0.07538,0.073466,0.080167,0.077613,0.081117,0.037863
0.068605,0.058655,0.072435,0.068605,0.065163,0.065163,0.072823,0.074739,0.069381,0.080871,0.07972,0.077805,0.071296,0.074739
0.073823,0.069265,0.074585,0.066216,0.073442,0.082178,0.07268,0.078375,0.058567,0.076476,0.071156,0.071156,0.075347,0.056733
0.06668,0.067511,0.064173,0.068764,0.063341,0.059593,0.080465,0.085501,0.071282,0.068764,0.078005,0.087141,0.078356,0.060425
0.072007,0.068841,0.070573,0.069701,0.076859,0.080071,0.082366,0.072007,0.07172,0.072294,0.069988,0.064234,0.069701,0.05964
0.072483,0.074337,0.074899,0.060799,0.067657,0.068214,0.076382,0.074528,0.07619,0.063215,0.078786,0.079766,0.079766,0.052978
0.066603,0.07008,0.067625,0.068861,0.068446,0.072341,0.077857,0.075206,0.073975,0.067216,0.07111,0.078473,0.077242,0.064966
0.071916,0.072642,0.075188,0.071916,0.067927,0.067202,0.065751,0.082085,0.07373,0.049431,0.081359,0.078458,0.079183,0.063212
0.070806,0.066597,0.079211,0.069904,0.069904,0.080728,0.059996,0.077411,0.080127,0.065394,0.079813,0.058493,0.070806,0.070806
0.071091,0.082524,0.082927,0.077398,0.076217,0.085678,0.073069,0.056842,0.071091,0.075036,0.071885,0.049834,0.073069,0.053338
0.075926,0.084565,0.056963,0.075586,0.072262,0.076254,0.067262,0.063624,0.066596,0.075586,0.067595,0.063624,0.069593,0.084565
0.074313,0.073117,0.066827,0.071075,0.076518,0.074823,0.071075,0.070227,0.071759,0.072607,0.070053,0.0675,0.06512,0.074986
0.071957,0.067997,0.084452,0.07787,0.075575,0.073927,0.076559,0.061074,0.061074,0.066017,0.066017,0.06898,0.070632,0.07787
0.074459,0.090036,0.04436,0.079927,0.076636,0.079558,0.067198,0.069014,0.067198,0.075543,0.070107,0.06575,0.070107,0.070107
0.077097,0.057065,0.074102,0.061071,0.064326,0.070085,0.080352,0.070837,0.071851,0.06658,0.078599,0.078349,0.078599,0.071087
0.067101,0.068021,0.072398,0.087874,0.081589,0.06618,0.072858,0.070557,0.075865,0.076763,0.060647,0.064105,0.067101,0.068941
0.068546,0.066306,0.083084,0.08342,0.080075,0.08342,0.069965,0.063916,0.053164,0.077372,0.055553,0.05645,0.061826,0.096905
0.084516,0.072539,0.066749,0.064311,0.065199,0.055381,0.063198,0.071201,0.070313,0.071201,0.078527,0.073649,0.074315,0.088901
0.083432,0.079563,0.080274,0.070591,0.060642,0.062319,0.06496,0.069878,0.064135,0.06672,0.074112,0.068649,0.075691,0.079035
0.077825,0.076271,0.08364,0.064599,0.0607,0.062268,0.085181,0.069651,0.070817,0.071607,0.073939,0.080143,0.074718,0.048641
0.080565,0.079607,0.08508,0.071563,0.070591,0.075735,0.061256,0.068993,0.058726,0.077343,0.067062,0.051668,0.078967,0.072842
0.061348,0.06357,0.055466,0.07054,0.073487,0.052507,0.07496,0.083029,0.093671,0.074586,0.088175,0.065038,0.078585,0.065038
0.071818,0.068945,0.068628,0.081677,0.074995,0.059073,0.074995,0.070856,0.073729,0.066072,0.065439,0.066072,0.067989,0.089711
0.066984,0.069133,0.074062,0.081199,0.054845,0.065229,0.060841,0.060841,0.072424,0.069133,0.072965,0.077909,0.071327,0.10311
0.072516,0.078922,0.061961,0.072516,0.070761,0.043442,0.064328,0.082415,0.070761,0.073685,0.07601,0.071931,0.071931,0.08882
0.058439,0.0706,0.058439,0.077645,0.053543,0.066652,0.0706,0.074912,0.0706,0.068863,0.081483,0.084231,0.071548,0.092444
0.068778,0.064645,0.066371,0.070841,0.061889,0.060861,0.067057,0.070841,0.077025,0.067745,0.080466,0.073584,0.074625,0.095271
0.069647,0.071408,0.070455,0.070455,0.064775,0.066946,0.070997,0.068694,0.069647,0.065993,0.067211,0.07019,0.07019,0.10339
0.078084,0.071001,0.073424,0.072866,0.070439,0.070073,0.068766,0.071563,0.072492,0.072492,0.070073,0.062245,0.060572,0.085912
0.07442,0.084277,0.055933,0.059444,0.071607,0.072552,0.082589,0.073722,0.080789,0.076288,0.07325,0.073722,0.0746,0.046808
0.08324,0.078209,0.068719,0.066135,0.074676,0.073681,0.076036,0.074882,0.073681,0.070114,0.069313,0.076494,0.073087,0.041734
